4.06917779513061
4.59622072578377
3.66121970968188
4.26484366799257
4.37621754433976
4.04971878521087
4.4330634993086
4.29529311137293
4.62862087228504
4.48529934704049
4.54935161722323
4.67306437261521
4.1369109970247
4.32202337421554
4.67024882265803
4.85104034137501
4.77671078803913
4.30182086433613
4.30276458026203
4.23705340243327
4.11818447636412
4.43577035205419
4.33043791122537
4.30621711222367
4.39376854446022
4.27994434808247
4.6619989272306
4.32941426980899
3.61902724103232
4.55157310584599
4.04779329057019
4.47510669005186
4.87353970578656
4.20475974645405
3.84552831829375
4.72428546433931
4.35379265977732
4.41905133505165
4.61363636363636
4.09672868246848
4.6569730449312
4.69383660430122
4.19701151452639
4.62875525957343
3.90144810570433
4.45427891336421
4.41424265000887
4.1249326191984
4.74109024182085
4.80681818181818
4.04079816209897
5
4.56680850547045
4.39086012012233
4.91965833000534
4.57214275575521
4.32997898917744
4.34308363081974
4.55990628225006
4.15945648280857
4.63078207709762
4.08362275705389
4.44652435350206
4.9234055952464
4.30588520282025
4.50095727430571
3.93712230906019
4.6553974393908
4.6863675009432
3.95450655438088
4.34210735085543
4.15351778207314
4.71173443741479
4.70648356143777
4.21411703308782
4.45850555150166
4.66231055439325
4.48407990583432
4.38000079767205
4.53687488682777
4.71283845829667
4.18595632161456
4.61736777761871
4.53133848776414
4.1717901627194
4.56686511910665
4.43352903956887
4.78289629794315
3.83978716874056
4.02144212961694
4.53730685014784
4.89372812097634
4.46583025345294
4.44661354910865
4.42357937833871
4.64132373485024
4.40277913266787
4.82949647704459
4.57563645154854
4.73304064785952
4.07650442651662
4.39320303221743
4.42653262747916
4.72027520284037
4.80087473452937
4.73816103925088
4.77801746286255
4.6457862788173
4.24717960732278
4.41815940491214
4.39814908093229
4.78036209319016
4.30166510328903
4.3906410299069
4.52613225360849
4.60080121520704
4.65035746116565
4.29655597456787
4.34290960870779
4.46666003842105
4.64919185553587
4.42667495915445
4.64087828963214
4.63451275867296
5
4.45500387533388
4.47873746712539
4.22752395379936
4.26076502384066
4.65938307786561
4.68637263832159
4.00263092811257
4.105156171186
4.27947153059428
4.49925999537142
4.31734732008434
4.4891299732298
4.43472913585199
4.53441490089462
3.96131889329841
4.45412172923252
4.55600067686791
4.47119102183426
4.40357105832623
4.67056959417139
4.67254564081867
4.62363300372213
4.86518334696742
4.63920210637304
4.40856768840581
4.04419747451624
4.11483531968438
4.82291666666667
2.09495696364217
2.97492650900124
3.79929155309194
4.28360883030575
4.6903538259331
4.20860174768609
4.48876911026902
4.38249755419934
4.64794084661416
4.60058514059975
4.59893097869677
3.4380771177318
3.9581607969631
4.48651966992284
4.68937362451978
4.81340791217801
4.14681510999055
4.388503163415
4.45085246485659
4.63441192546548
4.04192393543438
4.28586915121029
4.87606527794734
4.73336220614267
3.82518445121707
4.48104073943124
3.91615606502343
4.55918889120153
4.57026188085894
4.75564903967403
4.36185205104062
3.92756188272403
3.71806517547161
4.46458189393513
4.61600536270054
4.05284799745936
4.38070480476968
4.20202251086266
4.2023945721936
4.15706419597918
4.69816415729855
4.55855506822107
4.73206888592973
4.75187215429981
4.8716532808405
4.50514238763066
4.27133749702842
4.54943363343841
4.26900676960627
4.32992868520425
4.59730418229029
4.47220148414152
4.36641611913937
4.53507964515047
4.42182783446429
4.79207230713504
4.43881231014299
4.66604477320402
5
4.71929079287433
4.58198005314769
4.39331538029866
3.97384882546818
4.47710471800674
4.2096963885833
4.300886408237
4.22701895678062
4.45774032663259
4.1482455935899
3.97071814723596
4.22319878053607
4.41768590593514
4.8671875
4.70288281274915
4.60674883896294
4.18455305045676
4.78095121808173
4.61102924112965
3.89281693368884
4.45247447196022
4.4514023101415
4.33038840183093
4.17128688813213
4.55713193772934
4.30540584610464
4.33823107840088
4.26790542008093
4.43229201315434
4.81613302903658
4.889916963772
4.82391537350242
4.41866051903803
4.66593404785001
4.18805272387021
4.49728233081357
4.76614272093353
4.26049089850651
5
4.49252939139488
4.28737115793318
4.56633137241004
4.85819875600887
4.44309902890067
4.16274338063101
4.64601652554523
4.55063323455509
4.79671878359683
4.85284473677652
4.21273644657972
4.91304461718613
4.24214232546949
3.6136657963042
4.56193909681154
4.68295338719904
4.49958790581772
4.17231077917042
4.24862066067984
3.97867498242788
4.71403233862451
4.68149187823559
4.76686058292619
3.52793924562913
3.73929345911689
4.56042283298382
3.78302976226776
3.94432019214132
4.4398840570461
3.79657468436418
4.49661693457945
3.64785878482912
3.69939363086409
4.5670304724517
4.0440711964256
4.3948216874163
4.01468138571327
4.6189487445783
4.71141591320245
4.13278883044242
4.18127722207505
3.72093078687774
4.27366823486455
4.33582620697583
4.91450968967684
5
4.1769764942826
4.61713260649579
4.31056768543513
4.30911815396008
4.15765679323168
3.56480047601571
4.6900912596455
4.33281409072839
3.62865806142474
4.2291021832909
4.05419072802754
4.58800748134067
4.56270183884776
4.64450796482757
4.24880389902933
4.78593806829715
4.92847490594472
3.45872745465112
4.49464579712401
4.41571934985133
4.51731002852999
4.92642236838826
3.40887629931574
4.33533162897979
4.27701472006994
4.21253156123033
4.65773019219564
4.15890569804106
4.72180643111202
4.73542392581293
5
4.18183699755745
4.72161611206705
4.48430531187544
4.48695164512655
4.40675553088981
4.57910348872068
3.66301328722159
4.33395030412831
3.98435584169255
4.26756938430147
4.11339021870567
4.63772338562318
4.31155483105944
4.53220120140307
4.40285828806642
4.69337386877497
4.54224570195327
4.58499835896246
4.53889109894836
4.30732512017359
3.91368615011571
4.47643630708869
3.73334063620216
4.04312228002037
4.61029232307969
4.55758764104996
4.65421375556519
3.90897840529691
4.05842860579108
4.08039004421329
4.15460203819159
4.6875
4.26985064236035
4.51403718463282
4.04987448729645
4.56852789791457
4.36412929722653
4.52610768689753
4.61306029787223
4.68872429555255
4.48417930722873
4.22662459302031
4.84535945718189
4.63850095216701
4.17380597167287
4.31997018673206
4.61969212438468
4.19636393780234
4.59315698023622
4.10059932667935
4.13743893434541
4.6502736355233
5
4.05219782558197
4.5422917255091
4.79474240849883
4.18333408210385
4.45202686173493
4.22539768814206
4.54304983190942
5
4.59221999513442
3.90338472432726
4.60926056994655
4.36641259802081
4.60307815970747
4.25386600714825
4.48782399401137
4.86137205250549
4.6313596567282
4.91503864315985
4.08362256421101
4.08740404867702
4.03810097242124
4.74447278086666
4.59441202249066
3.48356419727037
4.18024270031386
4.7875
4.62880200521499
4.23778504805692
4.2574936920168
4.74074721505563
2.0753015469976
4.42523645642832
5
4.34779955805925
4.35540144641588
4.62441271030803
4.0432363528224
4.42331635451105
4.13172075854589
5
4.19679848602307
4.78012487231992
3.99765133115919
3.91987561663849
4.40035646395147
3.99168842601164
4.38928794148956
4.21591757629492
4.69153003835398
4.33885861469289
4.87382159101504
4.83432381367414
4.26426092447779
4.08146049947062
4.22385015845741
4.46730743885881
4.08640397103886
4.49598561735178
4.02704475627581
4.35335793814304
4.49592769571431
3.49108449170838
4.51425480630515
4.57805791500547
4.65720294060907
4.52160352020332
4.78201543886069
4.05411706200349
4.09770067003902
4.2496479548953
4.5500623027119
4.67665191083351
4.27044131466649
4.28574797718205
3.86542714141227
4.36441041027491
3.86742130022908
4.50737715308745
3.97127370805778
3.76717862131968
4.06394492100241
4.1337740830391
4.08784961398689
4.07728990341813
4.02638362289666
3.96240957434743
4.55720629209879
4.47115303639632
4.12888869001288
4.31236682065287
4.80445928122206
3.82164655120222
4.42325461363126
3.8749911993726
4.20932447430998
4.67129756544642
4.01543877458598
4.34964024699517
4.54925900719613
4.6902165058347
4.60513839075768
4.66438101948557
4.46635232101934
4.6712620733424
4.04093976274156
4.31410978482613
4.34527132880712
4.38606353774804
4.45781171303459
4.08304011150922
4.8872574463203
4.57614837593345
4.45419185072549
4.72879215651592
4.6538483426568
4.34712348863184
4.5038970718362
4.20180148624602
4.63957134394426
4.3565542975959
4.65250319724519
4.67593971708154
4.91041897068513
4.03178093335666
4.31320541352154
4.55356355273778
4.58458646616541
4.40065374932515
4.68580046013878
4.48371110393902
4.7929752677137
4.54464393003173
4.15452821582445
4.68841817087053
4.63545529855704
4.79424109273137
4.1915443393514
4.47079277212731
4.45857069322026
4.40291692520724
4.57585502660977
4.65557467235551
4.21748624952106
4.69361797106414
4.41346094755219
4.03184151983502
4.5231614624219
4.82882414516747
4.68765661856826
3.8866132461562
4.46875
4.45464496355709
4.13743672858208
4.81316551325367
3.68596643506625
4.69642857142857
4.20993495379857
4.408616850652
4.37670310403096
4.29359038127647
4.8273185512342
4.50579045143679
4.0117674738576
4.08033410665683
5
5
4.5061443152513
4.26908077704403
4.6815695499289
3.68421227511974
4.32345423698645
4.40632224236568
4.07328349309805
4.01209889332613
4.76826447440448
5
4.78553664269848
4.6330987200442
4.51115914771133
4.18678253448794
3.80939828988179
4.18736134846962
4.36451394321535
4.89409730610031
4.7324653836869
4.53930177967202
4.42045454545455
4.17625044193456
4.04519804495698
4.44487372274349
4.28951634982287
4.30610529992113
4.55037523667834
4.63957292901461
4.45935838519388
4.77271292945787
3.47387052741016
4.80903520716864
4.72460332304753
4.82501691164422
4.83365693686996
4.62386539579484
4.87483499504138
4.7438132899033
4.46943488831984
4.75725405604602
4.9006210284195
4.87273550191401
4.625
4.60949533294423
4.69772625627574
4.06329190136378
4.32053959751824
4.63660314981284
3.86009282515938
4.33658160176937
4.09972721569177
4.78110326753066
4.51713909062816
4.55918784986504
4.36924571179952
4.83580046354576
5
3.85324975942079
4.57923500980287
4.6160736491118
4.56280389240785
4.67783217516414
4.43715825148324
3.97450608300516
4.41154961957518
4.23968693956767
4.72676558484398
4.57235245261471
4.55752167048539
4.45265151515152
4.36028511860702
4.8527183733064
4.30140323923732
4.12023062843812
4.3651340337499
4.20336219263906
4.89293046378609
4.1278487704929
4.67374793581484
4.85719250242163
4.82649414061763
4.79469472029571
4.05867819186565
4.50339630532981
4.16154921662101
4.38718202256322
4.57897219940195
4.70395795622311
4.85955049403565
4.82049410001469
4.21850715251295
4.74192949002227
4.43878371265169
4.39597811820205
4.78513182265642
4.71364479028784
4.73910006749559
4.36426659987526
4.28390775652633
5
4.48666206854688
5
4.1526473424659
4.35313203066293
4.1850017704022
4.81990506862006
4.45849455151407
4.41358672074314
4.24988230222412
4.01830823751568
4.37090678274211
4.65271954577054
4.83653846153846
3.83093837032731
3.89095205930484
5
4.66383591952452
4.79718757400352
4.64624632556874
4.40159999638056
4.16682977307745
4.40943139161328
3.92430485998762
4.8471229458948
3.21835354734869
3.893030128396
4.03175744161061
3.72722013792224
4.73992678757076
4.3039546717734
4.00061146190168
4.01423490968985
3.42164351973118
4.3198848694357
4.40904380624128
3.42251778853311
4.56331337062098
4.78051329661712
4.63118749546601
4.20634422239195
4.56209525119899
4.57069569599992
4.38979726171264
4.73592822165032
4.54070689899448
4.42074909362407
4.45276034075968
4.81219575169071
3.81117961251543
3.59554950662123
4.06376316220618
4.29767740880315
4.33183191727656
4.68048085629764
4.57470750658678
4.757844266913
4.08160545614137
4.29416539465355
4.48213278453965
4.23622707182836
4.36731703806564
4.56352810638471
3.99297398438024
4.5770652991597
4.80812641473181
4.79805967360523
4.47225912746294
4.51097476014422
4.15853972056074
4.28703396520445
4.91598663513173
4.12531581143312
4.42214838448543
4.35955931049114
4.30171537002079
4.77455756512855
4.44146578501164
4.73558685591789
4.69862902971511
4.41463989115185
4.74516630328488
4.56204713542757
4.8015720433386
4.60832636815513
4.60048596141188
4.72761567377875
4.71221211343634
4.9034180524118
4.65662644101805
4.64143240798085
4.86503166657486
4.65589532382643
4.48637910609154
4.81782063463931
4.71142666237127
4.40271157322708
4.34770652743452
4.43348395080668
4.85759196892526
4.3744315497142
3.83432076435048
4.11095676034876
4.52410065455683
4.36788163729294
4.37464401318537
4.69506362130602
4.59904258955916
4.41054847912769
4.53555644449098
4.27913204031304
4.64443826915089
4.14181785179726
4.55694601859514
4.69062439854157
4.79204671201621
4.24737473260783
4.30255321037381
4.59879338039684
3.97436345563145
4.40580676180467
4.64944203929103
4.57119316214262
4.32938923192155
4.70182031290413
3.58167435162232
3.92615141178315
3.33451966746301
4.41212003650326
4.57205573839164
3.95654304879467
3.5978068903756
3.75474671986443
4.1232828499587
4.88354433383758
4.32309484886901
4.58191686186145
4.65588921106658
4.54559934798792
3.76819256395371
4.76363555190305
4.27785305393571
4.41543971519859
4.70224375046762
3.342523466493
4.62344072868455
4.30519517109486
4.64617263755496
4.79619976677124
4.38972059294595
4.53743154444219
4.90682836374983
4.85250845110942
4.25478422143627
4.3629054961521
4.16878127220174
4.67738345512937
3.83184532676848
4.82291666666667
4.68904752818445
4.83973835166443
4.39671771885648
4.86243829271116
4.59120698126153
4.72903960235407
4.85333125520463
4.23769883273279
5
4.73748567205774
4.72593082031328
4.54108585449771
4.62255554246993
3.46530894549501
4.37246017715445
4.67917865354951
4.89928902213104
4.39162456553828
4.48322233458982
4.93631996926976
4.67589536445717
4.77442296655698
4.70852960918985
4.50886886457066
3.81189148968594
4.68052695603669
4.38539230047455
4.59711332016366
4.85918565385234
4.43042139287718
4.41947470184347
4.2689275693753
3.68849869696638
4.20037293494539
4.40694879552994
4.36339565076857
4.24496744044853
4.41757064764765
4.3677635942341
4.07147697598166
4.27640012666456
3.68475595061391
4.53550054475432
3.82375073027259
4.16417570379311
4.67027053229121
3.55134070770433
3.86971626911726
3.00282427245044
4.82390690605788
3.74511267330987
3.9024708731118
4.0156400915395
4.0840555722968
3.35814828415063
3.5564117987396
4.02222946184097
4.38014991428471
4.53833476495863
2.87193823741287
3.82029347123
3.81988974141543
3.86626841355485
4.78676853350692
4.13609173611861
3.34255723390449
4.5630923262343
4.4380356840669
4.35486095683002
4.41478042290006
4.5563193742099
4.38282875456605
4.24774002800433
4.82464810736847
4.719459751957
4.37498736832433
4.61594811771403
4.64164101097278
4.60267459012575
4.88971014356245
4.8313404504992
4.18034537660943
4.52476142199239
4.3167381159153
4.32240679598001
4.53621445598254
3.76034604597055
4.65094216530954
4.0144825759502
4.22156886363149
4.41326642765572
4.69396240015962
4.19990062121876
4.80526233633164
4.46424527759561
4.51549083646899
3.85646555875501
4.28254831830016
4.46162116355272
5
4.70897809303155
3.78371921465427
3.83032772784448
4.89469795514311
4.39267671705647
4.53942071571415
4.27194394094554
4.37044617238242
3.9442283354883
4.01996514005431
4.62682707785041
4.50369978604649
3.81144339480306
4.66602756758543
4.60168640791706
4.20909601966074
4.93841418975795
4.78111014131128
4.72415120195051
4.10646103583485
4.50422390550883
3.85493648381829
4.31336853676062
4.81095875840519
4.70154069656025
4.46445796266646
4.38860367020795
4.11654559139642
4.62832814653718
3.44767610586946
3.70564212010387
4.67605682176026
3.83871361398939
4.64312074757387
4.83333333333333
4.54045251578517
4.52981963373787
4.45451607228855
4.64834997540395
4.77038078639644
4.68101697161081
4.44836146484789
4.37114391645587
4.68815638961458
3.50482363971688
4.72277896908189
4.27162725971063
4.59079806829611
4.30838424298519
3.87432708925985
4.65354546689335
4.62903053773318
4.81701177429721
4.27611156435939
4.48801285256372
4.55350799126733
3.61363746681772
4.68198016866747
3.84807901642768
4.4003656962338
4.27277496231921
4.84373027971241
3.68191519586704
4.39475784422528
4.29716306148092
4.55778980099118
4.12115367568509
4.66052329908958
4.49616482086831
4.06376834098456
4.80831631121568
4.52954336534799
4.73864571654366
4.86771963024121
4.53874010280402
4.35194495636639
4.5709395307126
4.44479915786717
4.70195071995205
4.40045922633507
4.91602285705856
4.37128613868601
4.71237927643472
4.78934393312107
4.80769230769231
4.47383228374099
4.31082167690831
4.57041737546261
4.61838773928555
4.53791378512141
4.32544938957379
3.93286640278298
4.48646942264515
4.86910540638115
4.81001718009353
4.80992215262504
5
4.52543918319848
4.28647221430581
4.3743311636709
4.83653846153846
4.51597146613983
4.48162249011411
4.72321837235502
4.49709705099667
4.42697463301766
4.2979812971684
4.5349807766567
4.68761522040737
5
4.52696320500057
4.57583686124982
4.47110621439174
4.34737119140067
4.44399485213985
4.65635555588954
4.51770323182525
4.73602101905673
4.48415177524273
3.87117098764071
4.42199037414925
4.48573277026439
3.59892122304495
4.40502621561124
4.76083648810989
4.92140935244929
4.07246082107311
3.836630010435
4.57696007399354
4.31488806323118
4.54345405320189
4.76027651223804
4.19715331234876
3.99432258040886
4.51485120070647
4.62486049343539
4.59373560289453
4.15360535217608
4.70326077697492
3.90681193930794
4.55119215691211
3.72800412571749
4.22005644816148
4.51353834558717
4.5560297532504
4.21617729930984
4.00981704316171
3.73328188931298
3.9234204736376
4.52421326422758
4.35782656919481
4.24556255370253
4.51221761679545
4.71881122685033
4.47722952571
4.40972222222222
4.13007238401988
4.55263157894737
4.60390772710149
4.23480209233454
4.76400844866632
4.27912893234537
4.39139777697212
4.34351993306072
4.45753664213393
4.34047579242123
4.09385529592872
3.79336646997337
4.7723842166354
4.14421742185541
4.5048013984212
4.40303714338145
4.30462753428656
4.09457326452207
4.20382405791489
4.65872169915857
4.42501098696865
4.20509428040782
4.54171343180247
4.77823608257663
4.53773648143517
4.12316188108431
4.33395525341012
4.10581410901105
4.59290499342173
4.32217307579152
4.15861313898649
4.23953068938645
4.11538691681726
4.79665502403492
4.19220062910116
5
4.72159648595855
5
4.61024807004522
4.50982657467029
5
4.52351132794371
4.79553896399184
4.78011481777039
4.63659552054779
4.55709111983204
4.55808995513947
4.53512261309676
4.73133040940751
4.10961032834647
5
4.77267634454979
4.49408107019433
4.51370434286289
4.43655038606166
4.92822833612931
4.25754958415071
4.23657657786425
4.51589429095826
4.25659156401356
4.61060759838985
5
5
3.99864822794234
4.70180353177111
4.54384753873561
4.01133116199235
4.46856785052549
4.75184859349943
4.60329063995364
4.65511550762593
4.51583458476614
4.32118808517743
4.43442097484006
3.79528679432311
3.91712280924498
4.24410865641031
4.24721098821109
3.9942518606078
4.88815789473684
4.57546492933743
4.20794182456671
4.38908942519809
4.60863374364054
4.64327358753659
4.59283777927431
5
4.13699340971909
4.06905699467841
4.22895486597858
4.44727491448923
4.05738726178651
4.11234343281969
4.44101606744781
4.2269684179303
3.76898249521586
4.52295512452561
4.47844980157465
4.3126117303307
4.29804331812278
4.56388451504424
4.2944197374721
4.2348615091746
4.71576629967515
4.62775049548016
4.6423634535085
4.52093471982684
4.61007663775623
4.21018042107806
4.46752319445352
4.81898382320468
4.88788322857021
4.45490254282661
5
4.78039903692407
3.32811267678545
5
4.78569169956213
4.16454918101826
4.81965586081233
4.52519377721227
4.33751986736717
4.3665564551074
4.34189376316653
4.317830236437
4.51774560170515
4.71243109713523
5
4.83566732256703
4.82291666666667
4.86912051056453
4.81332101742526
4.7875
4.04130962903229
5
4.6875
5
4.71698219314225
5
4.4795494032463
4.91971730566948
3.72337001020199
4.51201694683294
4.56563446014189
4.69550449307342
4.02442068525072
4.03687492892251
3.9462474498299
5
4.04538619227727
4.27471476694247
4.43934862578616
4.09321677270446
4.53700909328457
4.0044611969974
3.8681478204044
4.38047780699591
5
4.68693320543489
4.4145215724476
4.2214050277219
3.74432028643174
4.36719250321865
3.89551335311853
4.37525860402734
4.36608610817217
4.28839829393154
5
5
4.73578004659845
4.53443799589613
4.11412590691801
4.33701879611412
4.61074215585547
4.57929997082225
4.34772477265456
4.61250455277527
4.52145798665753
5
4.72711515871306
4.53574804536632
4.69585885822656
4.43367565164458
4.52078165424773
4.35872723081573
5
4.49916549898767
4.45345816570065
4.78059812415729
4.52075385288905
4.40862288390062
4.27191566509257
4.25764887794735
4.49785995596434
4.44373386824243
4.21088843689433
4.44672980272448
4.66441405227693
4.4074586809727
4.51518850373055
4.28067788270805
4.30632799347695
4.17531423740695
5
4.79140322878497
4.23331252030218
3.99166908429999
4.62211227687485
4.73410541619707
4.11246798635835
4.5754579103769
4.50016223909288
4.51317860625754
4.46329268571163
4.5374802211446
4.7283001781722
4.40264751164998
4.39195826770046
4.41328920104099
4.87577359975075
4.78721015286791
4.07880974656289
4.07684126686915
4.3364568358139
4.34864887026692
4.21771451563693
4.56367211783259
4.63882968501824
4.2490731987805
4.22442377434396
4.49830207937878
4.72898622968409
4.74027243173271
4.15114418207833
4.68262351122721
4.72516128042943
4.5893319255345
4.87148831406872
4.91933037855486
4.65442131574641
4.8066161581022
4.30217807325756
4.39478151825478
4.68382355281826
4.86917564922418
4.79776474440307
3.99026654963926
5
4.18978731523171
4.66029341894626
4.49983098746735
4.52270632983743
4.45265657452962
4.89880952380952
4.76973579292808
4.60218143612036
4.65494145724112
4.78889983389824
4.07878736476966
3.90168986561842
4.17734609067902
4.7890625
4.49149909072155
4.54075923481525
4.34367904591544
4.46137770116956
4.30127808673673
4.46493969070354
4.5301671891308
4.71121986878123
4.25339008838377
4.62063810757879
4.82319683523307
4.11326095710076
4.32374661925204
4.51781561655627
4.6661634806307
4.42254891554037
4.14384454024372
4.41230729874294
4.55275552616355
4.0256678603153
4.5236739964145
4.5631648232392
4.1413832847038
4.25184418683978
3.98165795151521
4.27964858413659
4.18399468202014
5
4.87163602461362
4.73913405379104
4.62528696365672
4.25981630849815
4.44820370369241
4.73115139381095
4.55169881027403
3.73506113727882
4.42413301820961
4.6946145829792
4.20685429171137
4.56004369779556
4.04899100777646
4.5808938537677
4.73043668639283
4.87352752046368
4.82188966258219
4.45979080807881
4.89016294191883
4.64744743892297
4.55285102745438
4.33834507564211
3.99750296462564
4.04418872343058
3.8950134304582
4.20447748565945
4.45578674952898
4.74073779207917
4.72155578022561
3.9034727188275
4.60177108421192
4.29124232351555
4.18851773176014
3.92520446442807
4.51777968422513
4.53858783471313
3.88692800462083
4.45758408863045
4.01216275052885
4.43929912441202
3.95568277657546
4.14333096387247
4.05423311011267
4.83851460778777
4.21198645924455
4.04989636216776
4.13590243713822
4.88067971078236
4.8671875
4.56237003754188
4.40704766875391
4.13212251581228
4.2298522925963
4.82387595986595
4.35324248917783
4.47144688082111
4.39346094144881
4.38856589551564
4.51311566173884
5
3.99508640568887
4.51243941327106
4.59486376728734
4.25430542788841
3.95650708493294
4.52710951872739
4.10629577648794
4.0814687253419
4.61591396764083
4.34427726294777
4.44842685165521
4.38063261409511
4.7187443454481
4.2146052401466
3.86109425110785
4.40504246375979
4.43951398205319
4.62110014368491
4.58291496901236
5
4.59120661635764
4.74383771908199
4.42944600404343
4.66193806027696
4.48964220165119
4.79034922203045
4.57597531634258
4.53167533127075
5
5
4.44131839376209
3.86296726660216
4.24506871825952
4.82766046162108
4.72665466755941
4.23065628670362
4.8049788463237
4.51176070900516
3.98233324676018
3.98040486950061
4.1233707675648
4.57821672899757
4.86842105263158
4.71147107278051
4.35154760833552
3.88854894699608
4.52752526040621
4.55924683987311
4.67176666233496
4.36771513008577
3.96284309468556
4.44594388408564
3.71463520289253
4.82493920815462
4.78332369591111
3.47281404184416
4.05409309638479
4.50251419899891
4.42392257386878
4.44008284418083
4.61495607684602
4.79202225078679
4.88194444444444
4.64888093782497
4.42054626473228
4.76648351648352
4.61278610930959
4.54037349221224
3.92713073914692
4.815154532511
4.54718417941127
4.16639214368863
4.58032575223611
4.44425654398732
4.42811867592372
4.73534134720274
4.5721885670971
3.99019668327336
4.46364584618942
4.24012665929894
4.13852709970335
3.94402549549616
4.21232365068972
4.375
4.65849222723889
4.7214710625123
4.28845697623339
4.55203213889612
4.38159075070326
4.07326113409616
4.45374185268633
5
3.70386312911752
3.81109729104073
4.41948331608288
4.866003997
4.43959573228673
4.84714317081468
4.2577415915817
4.59821733596325
5
4.4569569135732
4.85951049368548
4.1631103348316
4.75233336142163
4.80512802180957
4.36186465433578
4.52484004893617
4.81931020958924
4.55116157123304
4.3021166324843
3.52020179539258
4.27668457266793
4.50708423016568
4.57088369404314
3.75044687245735
5
3.03259336501323
4.36353056753089
3.71322884308549
4.83653846153846
3.48985490474677
4.23425365668768
3.74481825793959
4.38042954917729
4.50844760931948
4.33192588190611
4.09371298717287
4.17666402988299
4.7206469935036
4.56275950317917
4.91145833333333
4.07138747861664
4.52551711779783
4.31907039462592
3.89531360276449
4.19233886879185
4.69998595358427
5
4.54472786778043
4.27345324216687
4.30467890589188
4.34771788391968
4.56696428571429
4.2308131537846
4.75009230950993
5
4.43930416969099
4.56561060692435
4.72132055316118
4.46875116575303
4.49010412727355
4.22367817758983
3.22694751440478
4.42896916182093
4.49793804689295
4.19702157718071
4.62642587049877
4.76645843191207
4.5721731688505
4.54036068253823
4.04992772251028
4.65127149494516
4.94463904088074
4.50491616851526
4.42758208156653
4.11800314506483
4.60865108491457
4.39661007913775
4.73601587190873
4.31572530685991
4.57661145983989
4.31916856058723
4.68693795722829
4.52617177553804
4.80676789817387
4.81679430407235
4.05368986661415
4.938077091872
4.63139368638069
4.65915072316445
4.25957992386638
4.45266462958584
4.31233598186521
4.45266272143633
4.62395746497809
4.8147446181493
4.23926394311938
4.60485002324403
4.28697087893184
4.5506353816776
4.23866801804196
4.5678599072588
4.77847165894099
4.36481538702924
4.52781644064491
4.34079547146273
4.62185415070416
4.55690239614237
4.70540681716313
4.36443444461875
4.49292593933721
4.84979031199486
4.47075880610292
5
4.62151204646094
4.3358164888426
4.65278744706657
4.46429165931656
4.32788268514838
4.87352579013185
4.35040389953658
4.16633729490956
4.21985907888375
4.50379030500279
4.31961114024286
3.90541880721429
4.57810748499887
4.35042598265886
4.00406098281958
4.24514774522687
3.85028570122917
4.32545641260555
4.45472938244249
4.62649425109857
4.64261948047748
3.62023344758498
4.54129159237655
4.69693465546481
4.40809093242446
4.6028464532598
3.86071533697751
3.7449684827211
3.92372430528976
4.20506093073497
3.55850121095414
4.24238862572196
4.69334527606351
4.38021550820216
4.36040176502566
4.86085861468046
4.51587535139031
4.47429323947196
4.18482270848887
4.7169797816064
3.87583693814625
4.81867480581761
4.47607588070656
4.74988001317764
4.73973262145972
4.06942849238855
3.9919966373063
4.21576336628232
4.8293324720996
4.30836212053853
4.35952951060513
4.28503614955843
3.98906175813321
4.5952276753035
4.69797607593565
4.61371933178594
4.07219797587642
4.20534423383623
4.60219997683829
5
4.56931908473679
4.18335774687593
4.2598229285631
3.59114146855509
4.32149013018169
3.50706472731165
4.6772892439084
4.72743276474338
4.31552050426376
4.20374505896087
3.88200608715421
4.28355083797852
4.37668614376042
4.68738339750777
4.52159633829205
4.87710437149286
3.97096482727521
4.12720431208428
3.52082671103122
3.9909129267304
4.71220179917258
4.44889121377507
4.71451871972121
4.65340469935246
3.96285917074056
4.10065122270146
4.28929525787125
4.57348834437169
3.36391521305276
4.10787874744385
4.63809754799198
3.81008945799715
3.68991232612631
4.52773735277882
4.55802390777188
4.25077223520972
4.23166363796313
4.47261257780419
4.59647468146705
4.74184098729176
4.14181671322076
4.91145833333333
4.47305419808161
4.66476368856649
4.5966102748588
4.28164876809438
4.84974569846728
4.68136538118573
3.33599547323634
4.71709524425694
4.75404970996032
3.89502160915637
4.48142217647857
4.51756347584895
4.62724882564749
4.14923559144382
4.36415272995528
4.31538793072093
4.47561991922999
4.78250107389674
4.85896709065259
4.25014808193238
4.6533804907351
4.04197337244966
4.49615192295731
4.13725883036836
4.45195705832572
4.61166721219939
5
4.35225231069559
4.73845487530459
4.36570335029472
4.93281997024561
4.03825124348033
4.68729225477528
4.15880163399291
4.70917073391555
4.30795570819926
4.1631919209217
4.51437611821591
4.15973173519575
4.16946092276721
4.7767275252947
5
4.61840213692987
4.51639911968943
4.4386411367895
4.11703107244397
4.51321901414013
4.79111215014357
4.4556001007268
4.41666444495877
3.1566603704543
4.58675537274986
4.79814380880855
4.58719168539695
4.27245148159843
4.30286359956365
4.35479467550767
4.30232367753104
4.38373844999787
4.19441508235037
5
4.01026976235713
4.14423865305647
4.48639676124774
4.17053890164868
3.91522601062973
4.85460334144725
4.76874432631358
4.30180260934974
4.63428205857981
4.73454488112567
4.50125324986469
4.53094413790688
4.39360239001685
4.94438063028307
4.42410679946726
4.41984651209272
4.33549353539643
4.22409182204927
4.2070986718928
4.57442464230236
4.59537053116624
4.46216631682051
4.64965305340252
4.50280938553231
5
4.76122278221988
4.3784026556095
4.17638307440297
4.55493200186702
4.60186979068218
4.37345400650728
4.23518838583928
4.77580565806235
4.84821428571429
4.58070571343812
4.49539394430266
4.64899758641011
4.38382913095966
5
4.80784231655051
4.42441005977172
4.84062268888897
4.2052334461309
4.70170134278182
4.78615831399313
5
4.11538912793824
4.74994566638045
4.37783448697259
4.32143399580564
4.34908224070249
4.71993277924919
4.86811420865535
4.05640610201137
4.03223864589487
4.57247125708975
4.72466267226579
5
4.73965278628566
4.58973724673016
4.52460936146123
4.75430310920382
4.53343800312435
4.8087097636892
5
4.94183562366029
4.86551707973837
4.65140753777154
4.2945266225439
4.28876632368634
4.29203146616247
4.54634943734835
4.77744762717549
4.82771450915252
4.77632376331474
4.029827602764
4.33973105836583
5
4.46595247048163
4.71525260909918
4.34491452619766
4.60383752607204
4.40956815861192
4.3363316459472
4.27983983601909
4.44312366113246
4.40382688418271
5
4.69608210638311
4.82277099239257
4.29120044513408
4.15887690978218
3.96430959997735
4.40486604823896
4.86049664735983
4.87502018163727
4.05004545519877
4.91825848321563
3.6438867950465
4.65748575868827
4.41197550115277
4.62000470238196
4.22562730823587
4.23114178234534
4.07008749193501
4.56873467165817
4.49158499352003
4.43070929136335
4.73134442332755
4.51535556916942
4.55021405109999
3.93872322146763
4.18587367101287
4.33256517426379
4.56002569762674
4.7774127838416
4.45961600940306
4.2459229184786
4.10366066468948
4.87291813220765
4.09687333667516
4.46656087810849
4.45371011925632
4.44836288420887
4.16679410876264
4.72222222222222
4.55928009503441
4.20502691298039
4.44070487678142
4.89826245303155
5
4.83854166666667
4.61141762870636
4.41217709618869
3.88676097561005
4.56798720827315
4.50534896979849
4.77578893225956
4.42542168033471
3.78915680498048
4.4786535166836
4.73236241176737
3.93578105008506
4.50362537439739
3.59895466564113
4.32514269459146
4.53021967830113
4.00364041379682
4.32456370980193
4.02309341046042
4.14575434460514
4.75805481473447
3.99970705135751
4.42197859253242
4.29276040427215
4.25154935091954
4.10654805960353
4.41297431749363
4.21252198010033
4.71986279900431
4.35164250518463
3.82654677085105
4.88815789473684
4.23812578576696
4.46531440221018
4.55132003836137
4.58477433396145
4.76763030262869
4.08732043795552
3.78616832032463
4.68820864094648
4.4046978844766
4.70193227205981
4.30059376804259
4.53911288237278
4.27224514783272
4.82474514969616
4.47531148163786
4.09532268632602
4.30391811380822
3.84583876381494
4.25633670361546
4.69408002122026
4.20593094439305
4.35344701608265
4.89106932821619
3.77618242550939
4.23877664879002
4.1875
4.19511283224621
4.46177705841368
3.76240741620906
4.17809834526977
5
4.25887099368706
4.30550748736251
4.70097717881358
4.03726612936957
4.79775313952322
4.4146868477884
4.55100904016789
3.63179403402277
4.62149775624988
4.41221641342062
4.39527902203405
4.69339277479161
4.22034339710308
4.77564735582194
4.40066575358126
4.33109847691674
4.50369564603105
4.4680658882167
4.72488753726374
4.44200729830377
4.91243335567264
4.43091776901689
4.70181745331199
4.42305814240011
4.71819784899279
4.8936522953657
4.53931088623955
4.63618091784357
4.13135884832403
4.2682441178569
4.14049173051987
4.71337539836723
4.83450040776675
4.27801818935028
4.40967402376255
3.94374051317923
4.5603937593152
4.29390201213823
4.43803999821914
4.38261625738572
4.00140736351391
4.80214866923247
4.85656663635772
4.21054828451978
4.48916888324529
4.6938674824891
4.603636581845
4.23054462869626
3.80320257983193
4.71007171128908
3.55976830696128
4.28021913364016
4.48624664761863
4.50187932070295
4.7797465538218
4.11918089783917
4.41166519486372
4.53740408092656
3.96107524662553
3.91706112006731
4.51993798444097
4.69677855372462
3.90743159072117
4.494215244342
4.49584764556136
4.06137250170701
4.56008531947506
4.23982248280157
4.44347964088967
5
4.43064988382939
4.49920116752705
4.3094758141747
4.44079236465346
3.99573298965883
3.65633353078948
4.05984487605738
4.3575474626591
4.27058373622644
3.88981813603592
3.88130341839575
4.34378967060977
4.71833948073001
4.63156171806812
4.06763702442138
4.53903050251512
4.43614449183234
4.14717383162445
4.53720450479543
4.17744892773168
4.45138602036535
3.50456040900445
4.54924274798608
4.87885027988465
4.22868513051672
3.96020854206363
4.67296948090223
4.16491703523823
4.36416503918408
4.24703638912404
4.81673417772055
4.55222600134176
4.33317833964574
4.61546351040792
4.79466375728648
4.23506302760971
4.59583132907573
4.38891334441544
4.55739563299682
4.55068337864599
4.89858875075641
4.69566825773859
4.33852884071232
4.62928034169463
4.59775723145818
4.47960548272767
4.49315519505068
4.40110996613891
4.27853678269845
4.58736623702196
3.96717019282684
3.98689310858637
4.763019011618
4.55976858102971
4.77369678332184
4.45274870269201
4.16299828337316
4.34125660533037
4.67700176368192
4.40034641951156
4.41126106541101
5
4.5383091964374
4.76867913141596
4.40611517173344
4.71020987613358
5
4.76942872567141
4.41715729535209
4.32776460621037
4.14906626200968
4.6748270627928
4.58550446367592
4.50100423030254
4.41762350328738
4.51271297272684
4.55346523591955
4.39648361781262
3.49656923443684
5
4.24894638898895
3.80063609404873
3.23698057417998
4.54170725313536
4.25844815976833
4.0546097975374
4.45151848726492
5
3.8033856118361
4.69642857142857
4.3998732193208
3.83792929330074
3.05194429538477
3.96428571428571
4.46509798326394
3.72242071158509
4.26237101950174
4.49174504230918
4.40654968223391
4.49356739278889
4.65801759943604
4.26138657513954
4.20379437815489
4.10865170617171
4.72421700634568
4.45248136472084
4.51023506024056
4.58922397328553
4.57918073498087
4.86116595685399
4.44574066083331
4.63179575825431
4.77384492756305
4.61488024103469
5
4.06840407043588
4.75
4.32689162307954
4.4876276008958
4.43941191330006
4.49076052400325
4.56814222942407
4.49123073937083
4.3639408541837
4.35623868391653
4.64769814688294
4.5811165594469
4.68233265843033
4.47817004008115
4.54233541773554
3.42687968052585
4.30591662125046
4.68912416292748
4.77676168713175
4.25297976392998
4.07606147651049
4.3494852658604
4.71987702949062
4.47504478169376
4.48712399488287
3.92127912814911
4.87157527792887
3.99830078750804
4.81442797554468
4.35334518285597
4.49130426227101
2.34257707012866
3.97185147659637
3.81498776641715
4.45440704090079
3.79062145115599
4.27574308722096
4.49878442890468
5
4.03756097396426
3.41840792103272
4.32388229151467
4.73094513684844
4.35339995997031
4.41896931277788
4.433110577743
4.32761874662145
4.54837493468874
4.15282977480788
4.08762072195408
4.40998058234812
4.69179580124251
4.21863417716904
4.44766016102125
4.79166666666667
4.40617206088279
4.17112961254176
4.57596507099731
4.13706495348218
4.54532184754642
4.43166862593153
4.82138759034549
5
4.46074204235206
4.67295513639911
4.59475479855885
4.44541603808865
4.81480067290469
4.07590567928124
4.81647760894708
4.49737720216947
4.59984566446824
4.50084593509817
4.41130970851701
4.21222776009599
4.01991109864884
4.38486250197219
4.27868825272511
5
4.65013911568202
4.70895410285437
4.76969458138669
4.84091200104846
4.25538246037269
4.59459580427845
4.19014518631394
4.28278068094176
4.44457831332903
4.80190189521434
4.04672485779638
4.22727272727273
4.46063878886495
3.84059735306057
4.33720779124591
4.52740572420708
4.52777777777778
4.8906303395955
4.16127507992915
4.28839626162518
4.22984918279279
3.65696111060813
3.79835649414798
4.79830772521994
4.63095337633789
4.29818366810475
4.39808538310324
4.80711299073786
4.06328523587116
4.64338750375741
3.95384230498144
4.59473699457707
4.17612461078293
4.54129075964764
4.37436693590115
4.14123482025199
4.53275844733377
3.98797558982041
4.50297619047619
4.40295750849637
4.86383503037118
4.20270419020654
4.78121743819494
3.97901214886314
4.35057177841803
4.17914185730555
4.44589193042172
4.80224458134929
4.64858594745909
4.78144209455655
4.74689193358814
4.9375
4.7414296801883
4.47841285312652
4.22697375943296
4.56746254552683
4.50249260771275
4.4564363817339
4.33369894825087
4.68697027787768
4.47436425400787
4.73831889003714
4.65301783954686
4.59371106957892
4.57828046455355
4.30463690855151
4.49454941143706
4.37419643775116
4.62321132894803
4.58885041445127
4.14623564204581
4.0907394548693
4.4002642736543
4.20676105920348
5
5
3.9241601115225
4.42519079978291
4.77083255082719
4.51382742968415
4.34502702137497
4.72414459373379
4.2259699977578
4.66656560445144
4.64592825534303
4.77902466973883
4.33854480520994
4.46991145241065
4.77900151591581
4.78523430085191
4.47094172747978
5
4.71697044570689
4.52192708347669
4.56223498140668
4.74366798113375
4.94464644818103
4.65441759062951
4.65254363087652
4.71159827956868
4.70394756820624
4.43963760897364
4.3115836303566
4.83907967947408
4.26044009988579
4.33828064411015
4.67531334965119
4.40077986810044
4.17808862043814
4.86993986940281
4.53782510036211
5
4.47552476896782
4.80014471922367
4.81068586585165
4.40068545612987
4.49168097137922
4.71496462307763
4.56582565463339
5
4.66020282518193
4.41780838047016
4.66312404439283
4.36974176664331
4.45597658495448
4.53133050932909
4.05223101098574
4.82782170449433
4.30403622501574
4.31141628111596
4.53597440242999
3.98758876136293
4.88134493799534
4.87861088897231
4.74825614026207
4.40850774424188
4.30785320312686
4.86743229531109
4.70071209914628
4.279873358831
4.7875
4.5225070229368
4.60641910622461
4.33174804018804
3.98551584969237
4.91434437102887
4.48158988840313
4.76894316563874
4.51561869562108
4.04057018371639
4.8297562619752
4.68052366571818
4.51302083333333
4.69086387069017
4.24829665048662
4.67307098536666
5
4.70680799472346
4.59797652619075
4.66437583885207
4.67890359828743
4.6006747302472
4.61863624016577
4.57890363861327
5
4.79294147027691
4.19685177678834
3.51507451792603
4.3080760413454
4.79125952724223
4.75388681605229
4.21268415132408
4.47723590629576
5
4.41949816162818
4.6280058468213
4.58825838915129
4.82626408407289
5
4.56927175559786
4.28030206986814
4.84044639327005
4.7903043441746
4.46846082041253
4.56826029126212
4.65145290638585
4.67108685624666
3.94388554373153
4.64210299746523
3.81586137402114
4.06755262060261
4.67004056119698
4.81684696808793
4.38401034480505
4.18620710308402
4.66908812868783
4.67802306342831
4.20403399019309
4.47604106751447
4.67006671683197
4.76603407756081
5
4.56437351603138
5
4.53636203728759
4.16666666666667
4.75424340602256
4.73972087265364
4.65154728646595
5
4.52456983626423
4.89013679380009
3.79821586365462
4.33569346508526
4.47926861785252
4.04867229231737
4.33493146773466
4.82301951561753
4.27975764479777
4.58364971461407
4.73191175615664
4.57037773185614
4.01285831384089
4.49668390669178
4.69968792470249
4.31754018543408
4.38347681138278
4.43319917571871
4.70619982177679
4.68501045593314
4.55007601980894
3.80331551089287
4.08264572011934
4.67958527965946
4.57760653091955
4.46867817854965
4.70690582580438
4.72217563936427
4.18933792080159
4.54956051505257
4.55166655957796
4.35798463901686
4.80836484646363
3.89143899878079
4.46934439464535
4.1321817095702
4.65747044861275
3.63971166743453
4.76146987127295
4.65791311732424
4.4274002285352
4.56102471342402
4.00459366687779
4.55638560126666
4.77248375957651
4.87456683069764
4.88078157979842
4.27727788176092
4.35760234497447
4.31288660515612
4.06983520175876
4.89328418734906
4.73681368796451
4.26923840933413
4.66034967857299
4.72902148879743
4.73771604223037
4.15848808075422
4.62675792589071
4.58056949574783
4.58003659660554
4.09582399302068
4.71269621930893
4.2582877029344
4.39906291746834
4.48574396824645
4.753499198736
4.70643689361866
4.63533642556447
4.72913539545081
4.02388402467497
4.63436014623475
4.71302386574839
4.75557963793699
3.96972250992052
4.70590370271867
4.74319772220399
4.06462645757775
4.21342731107238
4.79753509215477
5
4.58251506242283
4.74282417887364
3.80337435259231
4.28047317826427
4.56013598093201
4.31382452897747
4.67866008359776
4.4179121403316
4.76249062459336
4.35234972499602
4.28666812579768
4.82205478574595
4.63878147416474
4.71024128687744
4.25085251035752
4.39352966040257
4.61096135159356
4.52164602121608
3.84116594342279
4.84462758980613
4.3015045451958
4.52225053830032
4.39016821976976
4.26155680315851
4.67774650642731
4.44091641500681
4.42446547376311
4.77787893879965
4.70693913850948
4.75075871473396
4.86298528418106
5
4.76585823296509
4.56876797082532
3.99594039503156
4.58922716849593
4.86733727493074
4.74946868740335
4.1035212926639
4.45401281629099
4.58562200408592
5
4.488755325453
4.89656326042071
4.65624537829985
4.49032627470204
4.36774482876711
4.39863490280925
4.46774929941309
5
4.24759392111727
4.53945171399814
5
4.12037357798222
4.42211247223451
4.26203185658159
4.68598969506634
4.37309363915197
5
4.62304105838199
3.90986469573572
4.07188460641896
4.61071372116432
4.35859482487802
4.41043397100987
3.88792814869575
4.35399197009921
3.79369573929625
4.95280839018498
4.66532493157085
4.54484964669469
4.48988655773696
4.41520928097352
4.5041568976127
4.12773146121047
4.42736307690126
4.47082324911552
4.23741375442929
4.67571319257001
4.20348397613482
4.82029437798486
4.29401451779861
5
4.28348326270342
4.15955699751407
4.52257175451362
4.83977981238787
4.85171929745369
4.55013367441942
4.43921454076468
4.39300815280696
4.23466550307137
4.451828830137
4.56714593502516
4.46498682349231
4.16633602463648
4.4147123168086
4.17071693412967
4.40220951006723
4.79236098742389
4.41937621585877
4.64242656882313
4.7493127570463
4.83838428758731
5
4.41991955422026
4.06205738974511
4.6320368075643
4.8293366902039
4.67671515042475
4.51713428748211
3.94383071323258
4.04193696517566
4.49258628673106
4.35381822395708
4.81155454155119
4.35376989982872
5
4.03429977260278
4.48752504593524
4.2936888568362
4.11041041080775
4.88597582610969
4.64295430292854
4.875
3.94126551426816
4.22816187118276
4.04288113780854
4.39602799827085
3.6604050783238
4.22951471540073
4.59873649786799
3.901015654221
4.44976294456216
4.5036734129949
4.57456138426205
3.71529283088633
4.16253591929725
4.83969692770632
4.4263599486784
4.63050763399979
4.02352727838967
4.67389778220119
4.03857672020839
4.67691568408691
3.94210490898012
4.44137734132517
5
4.12842310175601
4.05063311651304
4.61114895440577
3.66219052048605
4.12336818013475
3.74037089396313
4.24051041145085
4.41039752209028
4.51849205909732
4.47831147474511
4.84002931785623
4.64819304611695
4.83653846153846
4.78075845875058
4.26354877339972
4.84375
4.7220248782351
4.16372655829656
4.02338042911344
4.34606915993228
4.16362737932305
4.40079073369479
4.53124120802012
4.80147825841242
4.7905850680352
4.80284744319823
4.20160903918698
4.20226212739159
4.38596940782567
4.26080787879313
4.23526836237624
3.88172398283698
4.65235453562675
4.64717960549244
3.9180381134683
3.78785245238568
4.78658885419706
3.98835063406503
4.26245402807393
4.51858509477597
4.63851339768857
4.55829277663475
4.30845967885594
4.23456354125724
4.37252648695664
4.58689759492433
4.35492722325716
3.78836768560022
4.22455711748477
4.23728668652052
4.61799980650607
4.32857541492458
4.84506088314476
5
4.50294222176755
4.56503562483014
4.14557383282265
4.7030064354248
4.90384615384615
4.77272727272727
4.0619397182669
4.84350241013442
4.84337052560577
4.70630642664088
4.74641678020825
4.82951225045805
4.59515208046112
4.37959326235352
4.34461341729793
4.55733772233491
4.90593003096773
4.37331793249899
4.25784943658387
4.60492580253421
3.8711078620643
4.18976635434218
4.17125339583105
4.52419290050913
4.12344877551447
4.52194891503521
4.60511390895553
4.625
4.59003953804223
4.71758088910178
4.74490262058536
4.91888690767105
4.75528730689323
5
4.72820855441052
4.89891651953953
5
4.19738294843506
5
4.80964589623069
4.74453454945435
4.70914835414725
4.70532960983598
4.65642293618581
4.91023968069473
4.81526745490046
5
4.50287450259717
4.75938522128166
4.90640132081389
4.53536260281873
4.41627323542542
4.72423652811728
4.75650677867906
3.79029512418198
3.97258365356324
4.86993645412774
5
4.90760869565217
4.46948135375559
4.52729566541139
4.51189663049002
4.73380054186739
4.62240910939237
4.47477055153744
4.52452559986389
4.66145083595694
4.75119167955483
4.80014347213385
4.76388888888889
4.68477990914126
4.24964117398234
4.67486755681357
4.33322911030704
4.76341686099435
4.54652227648121
4.43771934552835
5
4.63173860131709
4.82971371706973
4.63958872812102
4.58936989631011
4.3698808653279
5
4.59023687700489
4.52819595331898
4.875
4.93699498299139
4.70694182053341
4.5408847741226
4.80365233699365
4.50934604779589
4.91675930144897
4.76697480722904
4.81338788546152
4.90340909090909
4.54422187183306
4.52873339835509
5
4.74374886599116
4.73781096253251
4.23179579889519
5
4.80350139072908
5
4.49867342636542
4.72103533773442
4.46595365006667
4.75367663538352
4.51038503938215
4.6476855123955
4.58269725068692
4.71500628471685
4.4422589041934
4.41367738096029
4.48996519559392
4.69617348348126
4.68414173079766
4.901510974867
4.57846052823676
4.81765616633431
4.80770631855518
4.58544646544629
4.42856059380571
4.70863530509682
4.51330787512872
3.77213655818921
4.39430326466221
4.63740786069121
4.52969449662959
4.06884513003953
4.36577250056586
4.15600469139362
4.23654261915192
4.75374094006715
4.7265817756276
5
4.66907552635234
3.83815015464142
4.49669327609627
4.18478158860767
4.09178009919761
4.29010247296948
3.26172400075976
4.03025066177177
4.82224611675473
4.08474787126246
4.3669879789518
4.8249950893479
5
4.14453720234644
4.45228513468506
5
4.70089895546562
4.47418627997493
4.80321651020945
3.64918183188486
4.60852497905762
4.79538828940485
4.05937149027794
4.86851725495498
4.79760928267443
4.43878049773622
4.32162948403453
4.82395532698436
4.40466368291989
4.83598005776305
4.39131921738512
4.39306174914135
4.67126532142129
4.53025446165691
4.23370113495412
4.37830316002324
4.16676337582054
4.9279919492414
4.71657583447036
4.46579221128612
3.59250319482723
4.26086674007189
4.3224586699752
4.25047645749628
3.78902351704621
4.49586550550441
4.35255402658295
3.39778838746078
5
4.41999317156132
4.32814651577615
4.68317014391075
4.30903351685128
4.42945201244991
4.32514479917839
4.57812965150602
4.19682110757729
4.28444313937727
4.1901235816239
5
4.82712443352961
4.10284598819038
4.37307666632308
4.60815138451764
4.47284700791352
4.58834957247112
5
4.01764521907511
4.74945458178499
4.78744239756609
3.89044787946766
4.13150526906662
4.16905791128533
4.56023348815525
4.39868153411218
4.21241098704923
4.55198233573655
4.08536655449642
4.61673245134165
4.76827816812481
4.80056560909361
3.29561264407587
3.93732834516284
4.60770394520705
4.77261589546634
4.61906231996706
4.06541718019391
4.32294370126495
4.55319519188683
4.35059864646109
4.73350955131206
4.53325191889364
4.05272272915456
3.80655435329894
4.82345003285699
4.63215609499124
4.56154038237155
4.46747032457344
4.59353100429242
4.25190641989724
4.37805656530991
5
4.29394348237974
4.19353319758214
3.64706885731897
5
4.64753816415464
4.8536189764381
4.87478906918936
5
4.72652603464932
4.85136377582322
4.76317390194504
4.39930361895756
4.60369549896946
4.78868874535784
4.76300894510603
4.57133456399125
4.7875
4.73017438475988
4.81903365481467
4.58033769059346
4.92215886980283
4.52808921745935
5
4.79207230713504
4.89208616320276
4.92448226251133
4.71512169555423
4.42841965109323
4.76678396177286
4.79525801343008
4.88152005356
4.32437367749979
4.78015040934563
4.60190876764901
4.53672364636656
4.23777202412704
4.84212085424604
4.64634896288638
4.71860450821071
5
4.78643170961054
4.82215463274004
4.70766210665322
4.81551709126836
4.75659438549304
4.47844335582295
4.74786432877497
4.52743419085469
4.64973736627237
4.20762663111862
4.60489671623475
4.55259979481856
4.734375
4.32151561431486
4.31405038071265
4.531295813146
4.87999916580876
4.11418679477867
4.71349901202714
4.02272955397476
4.74722293953739
4.75
4.01999623906543
4.69095787156697
4.62035832584066
4.74113259922316
5
4.65367063564219
4.71867817854965
5
4.48856556746643
4.20798292066599
4.68032132821168
4.64868551975896
4.50285564219106
4.57026960836839
4.21510504181412
4.51076706866836
4.21256240558808
4.59744658806472
3.81562764231684
4.62682192291191
4.70087346701693
4.24011418316519
4.67291085497132
4.02332600586331
4.24017153300625
4.74164990997681
4.87456683069764
5
4.22632688971194
4.15369435883929
4.4366313241352
3.95013102125513
4.89328418734906
4.43871883470098
3.86289194533863
4.48982818158768
4.78031793799183
4.6244087317235
4.67643887672326
4.30029468651234
4.45380685539942
4.6435665672018
4.31535662158785
4.64551684895732
4.18277946245935
4.18897258904083
4.70983870584402
4.9321972950511
4.67565443113603
4.89692980840002
5
4.38791074148011
4.79006958531197
4.80819033841394
4.37994742511457
4.89753656014797
4.73740227266323
4.65590439054926
4.70040648878199
5
4.54568404748252
4.92676173151998
4.90801352199542
4.93310074326939
4.27559465833849
4.80522092537228
4.80370335251009
4.91555226463997
4.5478284490845
4.64178966189318
4.93347689159328
5
4.53050587388215
4.61251807241354
4.54442178163532
4.57133596243283
5
4.63497515193159
4.53106395167996
4.78629717947419
4.47293696847553
4.76388888888889
4.80389102418936
4.25355008724747
4.80822214683181
4.31008521160592
4.09700333012857
3.93407108732849
4.88315751072776
4.55699911288242
3.97525766139519
4.875
4.47103977760178
4.92297860980197
4.54692104305948
4.65646685012761
4.46345429582209
4.82291666666667
4.5367579068216
4.1337235733798
4.32169610026069
4.74510705626233
4.84926758946218
3.9344328486005
4.6350542007049
4.66373693579399
4.21401037987428
4.59501314528554
4.36811725260775
4.62575932076436
4.24408592038813
4.40024929829862
4.90211211552512
4.62953662411787
4.87004898700409
4.30011282287112
4.79397645919375
4.3761636163966
4.51408927687164
3.89796028457717
4.21555548224246
4.52855223156935
4.48083235111424
4.07083669025112
4.21349560654261
4.59422202553228
4.71867817854965
4.69522260878346
4.28999347822666
4.57254684918475
4.37628577430232
4.54859173900455
4.42110768856433
4.57026960836839
4.21510504181412
4.73943615649571
4.20176658257169
4.55926928987161
3.57091121126447
4.62682192291191
4.66307249556856
4.285965281082
4.84514873367743
3.97081595386774
4.37512407168946
4.37074556847381
4.77272727272727
4.79158612159826
4.37337740021614
4.66085598966686
4.70264276363123
4.05099058056691
5
4.61059809821803
4.10316638566731
4.49449153397646
4.83853671466734
4.54572363496553
4.54732158839277
4.77607942491677
4.47745316280545
5
4.66806094242534
4.64690951159552
4.64296063704852
4.56454667310824
4.86629043885744
4.59401144156136
4.66251690634756
4.8482426022934
5
4.01876556183402
4.51779769947612
4.28583069490387
5
4.90411432642768
4.82439510582093
4.44150958260225
4.83952873554946
4.81270587151
4.35360908730521
4.58360357896782
4.7081937193985
4.88347692992774
4.43813460121605
5
4.93692136540342
4.71348898944795
4.91555185612049
4.75200735893974
5
5
4.49455271277006
4.62195901985961
4.51092000940896
4.90760869565217
4.66350511441187
4.42908159683775
4.55157925605484
4.59540638948039
4.79093397803622
5
5
4.65699600364916
4.80453627547967
4.83522242154505
4.4243286083389
3.25507963595281
4.6953333236828
4.84821428571429
4.07384977015918
4.77197463529772
4.73982229885022
4.19012313354801
4.27151595521055
4.73155333319699
4.42558088333213
5
4.63402715543583
4.58696437777101
4.36774482876711
4.47243805123409
4.58608552047754
5
4.24335979769975
4.52023292442203
5
4.38813912970765
4.53011948976263
4.24183253662436
4.63996821835303
4.54620778758254
4.85709008197994
4.41310409571709
3.83275565185752
4.09620738226424
4.37048734525856
4.48645460260374
4.44828465714147
3.96256477458446
4.32495828692787
4.11795758067573
4.89097432462135
4.56256615161529
4.75591892673859
3.81395660702617
4.28261368194914
4.79067602799802
4.67268835930162
4.81625247683809
4.10252397470331
4.2501301433389
4.80810324507074
4.54333239062155
4.71157020440425
5
4.65586105704105
4.40252005966717
4.76630783066123
4.6517435281081
4.00825582446845
4.15894835311537
4.49242073271328
4.45414462602448
4.55482992104519
4.77935052141951
4.68155553077986
4.4806841232033
4.47701208718884
5
4.86360489478253
4.23668962233392
4.62220093583561
4.94045766330814
4.78727151165633
4.50403767282704
4.34821222210933
4.83718393001035
4.3872005334326
4.33598864670175
4.42221921937326
3.72894877226709
4.38346020013557
4.75365820349848
4.33448234543962
4.37704454570837
4.83756468034442
4.28404632625115
4.44993095199843
4.69268053546809
4.83733095921385
4.07030173112668
4.79530775488249
4.48669863842806
4.48710753723422
4.63888888888889
4.77517469056877
4.29093961990777
4.89806403627379
4.82794223489751
4.46084646977172
4.53462058792225
4.64973736627237
4.64717554411716
4.60489671623475
4.55259979481856
4.734375
4.40799035725431
4.51839426693425
4.36246452457482
4.63347288193791
4.03310068182984
4.90177601957393
3.70529958636277
4.6672373756725
4.54944768491354
4.29619228370338
4.62901479062689
4.91737899733249
4.45845514863043
5
4.63990963439704
4.86858311715351
4.38634003324162
4.96429819133476
4.75802500972036
5
4.56635434866902
4.67094051857958
4.68127412668881
4.64582682719158
4.30633889964243
4.62386294541233
4.71469514264637
4.49522768777229
4.62481895875766
4.14972251158133
4.36284059431388
4.42857347188878
4.64577352056245
3.98347712750348
4.6707078214675
4.76043807227714
4.64071923087751
4.36162051649001
4.93055555555556
4.88832950886766
4.58501417653353
5
4.94178113519333
4.63511998382584
4.66106390956192
3.81189934340003
4.20252636110768
4.53251474048131
4.49195643453194
5
4.88505067576402
4.62846985300054
4.7560127786402
4.64763268469591
4.63017998209813
4.62090287797555
4.68207392276433
4.49676711288279
4.31795048048019
3.82443005338791
4.37368369505366
4.50452969618894
4.85284473677652
4.88004276225383
4.48408719699092
4.70839948020466
5
4.56045979913692
4.64153519174793
4.12776005163586
4.62800067756782
4.64610121116931
5
4.28302419689977
4.71897722222494
4.68787645778859
4.84462956786938
4.45914902288408
4.67854649937913
3.91542207463379
4.35536407068366
4.29342208524489
4.38029899980185
4.40936965893435
3.73658374073649
4.21924836162915
4.81570507077559
4.21985158943292
4.63355776141955
3.77200463302199
4.70054670718556
4.40610331244129
3.82444462563886
4.79524467022845
4.57735880262142
4.74286047020115
3.69688901737988
4.55656604442232
4.60302253700597
4.53966380062231
4.66703696346242
4.17624988654109
5
5
4.71480911530669
4.88095238095238
4.3862665008838
4.54080443821129
4.92539232839317
4.44337938587314
4.43612234283295
4.49812340299124
4.5739044474289
4.61197639358154
4.57530850685888
4.40050952046357
4.44409414266327
4.24345863295295
4.67889597824057
4.87634329083567
4.46103253698845
4.74831817812842
4.66941021063051
4.61294938341483
4.33854480520994
4.72736607303472
4.66996251241239
4.65719660425239
4.6734883086298
4.95
4.71697044570689
4.64299787087716
4.73880650509326
4.91373458500238
4.82905111705679
4.65441759062951
4.73875052742825
4.84157895744452
4.58343727560627
4.43963760897364
4.46686253092346
3.87839564427794
4.77704057956141
4.17718718684678
4.4409084657406
4.56599699493208
4.39841564843942
4.67849517499384
3.9835255416473
4.92410714285714
4.71461371751437
4.78526071971553
4.88425189494888
4.85079246695979
4.87826730309544
4.66023415991803
4.7211375288888
4.78458953670478
4.66695870745674
4.88508847051163
4.91654483849798
5
4.51921148648943
4.92676173151998
4.90801352199542
4.82655134408767
4.64280922140514
5
4.94964347762083
4.91555226463997
4.71111385374325
4.57301498187256
5
5
4.74048169014887
4.57105694242068
3.34778434095435
4.74096955867611
4.56837368796869
4.68196077692605
4.50150919333812
4.78487127417826
5
4.4059220039388
4.77555833640281
3.699893693466
4.47887828021896
4.48110733788914
4.20768174564663
4.70874410277687
4.81923406412285
4.66258277543256
3.96827558774265
4.875
4.39630062040582
4.92297860980197
4.3215072022376
4.54649276012025
4.67634744975346
4.83220007124844
4.7562094774942
4.67571035175849
4.2099143553579
4.64436376017737
5
4.52761137572009
4.45099857587403
4.79894746414142
4.71233047147085
4.30132627339823
4.6389162459444
4.2284209507108
4.10529557063147
4.77304604290357
4.27896987097413
4.00230414661945
4.7723279762454
4.85193154318311
4.35786129416739
4.4646477643642
4.34010770281537
4.59646911571805
4.44389341167846
4.42344043673674
4.66310713630468
4.69629482866179
4.77582301209219
4.56733092950999
4.80414870743463
4.7718474180017
4.42303880174951
4.62478401358148
4.83975494516558
4.70365786821508
4.37884215887683
4.54231936548057
4.63930564299892
4.77221777293775
4.11368703456808
4.7503943741908
4.26738694309163
4.61186439621593
4.686760000412
3.9461351295272
4.63417814611922
4.32223571843673
4.47375462212925
4.47612212843343
4.40543660719495
4.475568327049
4.20493716134722
4.89637658408683
4.69732606869437
5
4.87455383090527
4.6476767544055
4.01805191528262
4.25431087518767
4.72994394894417
4.49117331928995
4.33576069745395
4.40863644073726
4.48318108608748
4.6167744775669
4.62901723446867
4.39168066902709
4.81828008791066
4.92018131865023
4.81411790805055
4.58859541133899
4.77066254794248
4.02581596716686
3.78362073483935
4.86957260193413
4.49160014666924
4.46656102841852
4.69605693826014
4.22774350815745
4.71603293918157
4.72839586132834
4.70649469355473
4.84086129643326
4.51336254833424
4.55601544339964
4.58333333333333
4.72459751605003
4.36808983355504
4.10120783029196
4.58141934668858
4.37987917170877
4.8652156877921
4.67119779382143
4.80567645660073
4.52130299227214
4.66368150310873
4.96710198663383
4.3502043515147
4.78404321003459
5
4.56251787995365
4.2938439291103
4.83237630469014
4.91371157757767
4.52580781158933
5
4.3540754606553
4.91143299507667
5
4.76331504274456
3.88726616883754
4.24051963516002
4.47059872950514
4.82490442217228
4.81912601658089
4.31526611084359
4.81351415880657
4.7422668644944
4.90731126724992
4.58552384953749
4.79361579669322
4.82411320291021
4.71770987222958
5
4.83606140977113
4.61363636363636
4.91555185612049
4.73842544436684
5
4.87938481759836
4.75163693030128
4.84375
4.72334558823529
4.52759056342977
4.61091743748257
4.22995195970933
4.5698607278594
4.51889034466531
4.73223346876153
5
5
4.63656626223604
4.59271680670842
4.68932162077558
4.4084123399002
4.4797309843195
4.56519549274922
4.00509549752236
4.34967649143939
4.575
4.91304461718613
4.85157754953849
4.5871080290417
4.45315658745105
5
4.72612461871954
4.19956586065024
4.59140453289373
4.64791949062555
4.72277292078767
4.77272727272727
4.26524831612453
4.94224478590738
5
4.64503741242721
4.49217630138406
4.66651808270858
5
4.90411432642768
4.76897073999156
4.65428588213321
4.83952873554946
4.83909996514118
4.72612081009883
4.43764223841811
4.38220699397372
4.71308659524701
4.19321267372469
4.74387407304755
4.82884272317266
4.61363636363636
4.90961624209121
4.6078038417227
5
4.77211883498475
4.66503620539482
4.63762825346009
4.87710505589579
4.82049010732181
4.77554023314074
4.05612481807416
4.54895159601863
4.41319879506243
4.79886821491777
5
5
4.7225308696136
4.92663533336394
4.67072066086178
4.08118001349433
3.99800485625172
4.55883166574091
4.73086102478282
4.69022332721673
4.58227717176795
4.66540688197255
4.24915644740479
4.75412060079878
4.4698692248528
4.62669079934633
4.52645828242483
4.50205614676562
4.64171371082235
4.5815628270851
4.68394885554758
4.91022250010896
4.56491703991667
4.58222212610786
4.81688884993235
4.48710835103317
4.5101004755748
4.51100883524539
4.79313316831972
4.53267597104152
4.61491885512741
4.30169015100645
4.9186172666366
3.78382420142749
4.68702484808206
5
4.34185123310705
4.13709914619407
4.22950520801172
4.55416455983738
4.57659072192209
5
4.28491265249484
5
4.6891693735584
4.83333333333333
4.7996815101815
5
4.37894502177048
4.72167834827323
4.56611888291576
4.68306093918973
4.4140362722536
4.04147216199506
3.77382272969339
4.87405355667398
4.90319669088334
4.098885774646
4.25568835673889
4.64978175978595
4.87555258572282
4.77871963144169
4.39211503910608
4.83854107647034
4.61600687240546
4.77139939165925
4.28107671686251
4.48875393306213
4.52654419996827
5
5
4.46560998302378
3.49450211717191
4.40910265023923
4.77341545220413
4.86858311715351
4.05475278620992
4.85907792973464
4.7239102641911
4.85266402936089
4.35324885276445
4.5153131593502
4.64210572541833
4.72539788291043
4.46855586775891
4.62386294541233
4.71469514264637
4.4492330382494
4.80321413049502
3.91884978363186
4.46421911907892
4.68069898084668
4.64577352056245
4.3635471837136
4.6707078214675
4.81075757143024
4.64071923087751
4.30739072650907
5
4.91072336183983
4.13926471439031
5
4.27939629676163
3.63381422336133
4.8024531288306
4.74070819104343
4.20551786179707
4.23813065260082
4.5653214001915
4.4477482899785
4.33529853614526
4.63123003643247
4.47732077220754
4.19449456235085
4.76927164837491
4.55923795946381
4.44321454120064
4.68895490403734
4.35786282565066
4.70624810219613
3.96403919433355
4.59535989794418
4.31767731165893
2.98296127836684
4.58990553178331
3.38643414072572
4.49773090998466
4.75320858495465
3.92307633499984
4.38467896979187
4.64577608179166
4.03058610541813
4.2186175908581
4.35331514762843
4.26495738724408
4.53925739648339
4.31249625197729
4.44092155076545
4.37959076990607
3.97998383175871
4.76198794223173
3.62445312184031
4.52137322391364
4.24261989053119
4.85584357228791
4.19294424653096
4.82142857142857
4.42416569821877
4.49773720885553
5
4.27343157753788
3.68802300839533
4.75699678317821
4.74920540447006
4.69645427096251
4.2091101260635
4.14128732477769
4.47726546028016
4.17157635413308
4.62697873393323
5
4.87249372386418
4.89492798239558
4.20505894374883
4.78902858440105
4.65146257004496
4.50044708588292
4.00296931838276
4.56247502940165
4.5375942112827
4.54098462037134
4.65978706978903
4.8565869906803
4.33495136553618
4.01460360994004
4.64777547117925
4.52659378309331
4.73595734359734
4.60895807406237
4.79788979698694
4.56834083601348
4.48439051908721
4.61237543449583
4.69220565863567
3.96972250992052
4.23138748090992
4.66126556650272
4.40190476765961
4.53638747701039
4.25632554995915
4.39816515476746
3.95581784485009
4.81957218748293
4.20815568255419
4.16044000063476
4.61216372050283
4.0906239330933
4.87816551155974
4.87861088897231
4.74825614026207
4.22160819346503
4.38950851487924
4.38613340376854
4.91754653273428
4.21701328180168
3.77227138150515
4.48442527996977
4.14826020946273
5
4.19736513261107
4.93479140977574
4.07435262814338
4.53003565737784
4.63838280427367
4.26155680315851
4.10395079462364
3.86801275593736
4.57941407507496
3.93381258661767
4.70693913850948
4.67936646726169
4.74208994669376
5
4.76585823296509
4.16184844851106
4.806272556451
4.52136725794931
4.73452477493074
4.68174955143573
3.94755568233738
4.6078394309521
4.53966380062231
4.90844442496617
4.11202833361936
4.67836749349077
4.5203746549731
4.58333333333333
4.78716241326914
4.79329560957292
4.70858158727507
4.92539232839317
4.47129435902324
4.81223261565173
5
4.85622414275098
4.72430827220259
4.8381409200072
4.55665370887617
4.59026970219204
4.7082592934975
4.42701449085598
4.50109346033792
4.73786163870415
4.64373254511579
4.59535930676203
4.71802008620835
4.37286150027586
4.1483464323255
4.80764749110201
5
4.59102136488053
4.90787005077286
5
4.82368046857387
4.77930358322249
4.02485143489935
4.67133188447679
3.76713409160119
4.24643381883068
4.18351573402113
4.85833333333333
3.8869762060194
4.17359779270304
4.670862354299
4.68348283779566
5
4.31853286503505
4.849338486747
4.80165250721558
4.76388888888889
4.71229858768693
5
4.80964589623069
4.79021048373018
4.23080921689809
5
4.44737056978139
4.57206786679705
4.94214203148996
4.88533127397124
4.90264927388819
4.75826157495373
5
4.77957360869442
4.26459499119558
4.67021472181885
4.70601327335898
4.53993965864063
4.43643237122371
4.85424184533166
4.41854341751636
4.90760869565217
4.35140255714702
5
4.36987171876542
4.93809407564133
3.80804291594766
4.36423261409266
4.81560901053298
4.26666305682011
4.70366531898115
4.50047148878856
4.86329582772199
4.63346203772099
4.76162149344496
4.54564431866639
4.3389035595123
4.35242589625702
4.07645322309923
4.51261220780359
4.43442287422956
4.69064132878463
4.92125506263692
3.99399933004185
4.62998270312305
4.19996267088588
4.59899750056061
5
4.06279183033865
4.46709163447719
4.27935315147514
4.2585946051644
4.28545968365658
4.46392905197184
4.17369251741452
4.51821408058926
4.72275965978412
4.508619468991
4.49785223781723
4.14987193472909
4.78890725776063
4.27954254287009
4.61861627001973
4.36831273030646
4.41134561213399
4.26282187248266
3.87585951027762
4.53338429863949
4.4248078054731
4.29571696175376
4.15350957913957
4.60793438753549
4.70755445501854
3.93101948364194
4.87452380650295
3.90649487187377
4.44976294456216
4.72912135822123
4.69840474586529
4.21246190817136
4.47874521447566
4.68856639480583
4.62919082978785
4.36418281030145
4.32540789827032
4.68953497552892
3.94566446684266
4.88739267932371
4.31209067362601
4.65032261487893
4.80236809631667
4.69539394997933
4.42217584367907
4.23253349954191
4.69395910483941
4.37726966559263
3.98019890564948
4.25712157920227
4.28937027240722
4.69598708997919
4.56961172011167
4.89261629751719
3.94023192299663
4.41123164892548
4.8887282502814
4.68258610585177
4.88443610208905
4.7468518273731
4.63592094763541
4.2900010906351
4.57022860713884
4.00754781244097
4.64057484872258
4.48700193844452
5
3.71640357920552
4.42552714157997
3.99753816765242
3.97099829169373
3.98128668617686
4.70577423896965
4.30110500041199
4.11811464523822
4.47760849161793
4.13223917971315
4.42920936656811
3.9943261308152
3.88324842097368
4.36675918010478
4.13415536139695
4.70873292828547
4.70007092439145
4.53640159172634
4.1640070156991
4.29177061046637
4.38034439691463
5
4.71875566375555
4.39220715923183
4.68321220578949
4.54819751054539
4.46933030526396
4.57696451721924
4.71931547850626
4.69366862276979
4.6427829859506
4.23075466119514
4.78526071971553
5
4.92634211496747
4.79006958531197
4.77735891161629
4.75940515975107
4.8381843809849
4.82757637981416
4.62450391852461
4.75817446536462
5
4.76150536739145
4.92676173151998
4.67214722896481
4.93310074326939
4.90897811907662
4.91491475219112
5
5
4.71111385374325
4.64178966189318
5
5
4.75106759707301
4.2223339488195
4.4921052424699
4.41387318239193
4.25800813341429
4.78202062138826
4.78480190498797
4.78851433192227
4.72186164143358
4.90156578171433
4.60970626755324
3.91888225696566
4.16435369289747
4.66252709137926
4.54087487744224
4.70874410277687
4.62303717424407
4.471275107542
4.02516646143469
4.875
4.74006327886429
4.84382141341538
4.42803406516947
4.37531042418427
4.76724440541559
4.83220007124844
4.92363072783333
4.72125216134109
5
4.7783547955341
5
3.99156789544414
4.70574598565937
4.71691857115845
4.76639275281446
4.33048531086556
4.58038715992064
4.16923268773325
4.50870587425485
4.64029881990505
4.38753937917902
4.69392381930768
4.44334312746866
3.73037909383744
5
4.63982561099829
4.45004942243999
4.5092721133097
3.71364530429193
4.27136921982469
4.34710894452448
4.49776014897521
4.53830905762247
4.02778784703109
4.35395494789915
4.38047633073569
4.761150547686
4.63572994712247
4.23541141294682
3.89544329987118
4.22182815422198
5
4.0539246009655
4.44889886067298
4.41791785141187
4.08367008588417
4.4886712686862
4.32057274150153
4.53829026659843
4.90047339136523
4.69353622711567
5
4.83583898150756
4.60057925441959
4.7414296801883
4.54494684050335
4.11557015318823
4.37177957603315
4.56807523742321
4.4564363817339
4.50042966255012
4.72206605086797
4.54303022412032
4.10183140197585
4.5917100856177
4.61239385414978
4.41002872350746
4.35703421462385
3.92302550245593
4.37419643775116
4.70808149476415
4.47266702655427
4.22049429587407
4.6271764643327
4.44960924518388
4.16659478170494
4.74734377414777
4.86101836390359
4.1741601115225
4.53333533888117
4.69863384793755
4.43109026697993
4.5568334452764
3.81754908726313
4.00512195367955
4.54579243757624
4.36085481187686
4.14566746069284
4.82014270079628
4.68283538756127
4.52707400607045
4.31216955214304
4.399479072762
4.7046060698194
4.74300801928538
4.45075205772948
4.57560060632663
4.41895898473069
4.72089077141271
4.67013959087887
4.67686138553317
4.51008714967283
4.76989036139862
3.85295566293953
4.25312126729998
5
4.87585584487705
4.57101386891206
4.36075284060514
4.35618373530129
4.84213006881515
4.89779853384109
4.46430655757311
4.72045798576782
4.59768979642582
4.16437445886715
4.7082519641491
4.54832415094432
4.65834996541337
4.62388257296104
4.66304305977463
3.99714584268964
4.19229115841299
4.0569360716963
4.15677404047811
3.60136959514085
4.67211524352098
4.00580585543293
4.61349092632592
4.68664054920266
5
4.37800502337714
4.58334545630414
4.64175674620491
5
5
3.9180563986908
4.54444136609791
4.56028300727553
4.57728822995261
4.60863663587713
4.46824865281342
4.33596136889249
4.49706112612921
4.1467691651371
4.54024935914567
4.59172881180406
3.90620288846011
4.37054511433191
4.61929198889809
4.39227276914738
3.65926025390289
4.02143188895336
3.80052647071623
4.16080925059011
4.83768846463872
4.18584267149249
4.56371779377015
4.8655482210508
4.02814726490473
4.46852076036894
4.42157925590983
4.00053742916754
4.17577202407235
4.54807692307692
4.83609212806443
4.8581314914355
5
3.98815261501075
3.79058058421299
4.79802585615093
4.45567590535531
3.96468400772711
4.87325226043419
4.60590518526794
4.18828100219748
4.7788423567152
3.99066224262372
4.63351660800317
4.57058158414881
4.57548473381097
4.07283590876445
4.80504390836334
4.43192967525507
4.40293696016669
4.11908118376752
4.60585420332088
4.1158874211452
4.38371065843936
4.19214947010357
4.5184630295231
4.58236549935496
4.08501168142816
4.4744715840401
4.246531240556
4.49411016955944
4.69116414756616
4.6167744775669
4.46760685413594
4.5392706760385
4.81279975483845
4.92018131865023
4.81411790805055
4.7062148813259
4.69586577204427
3.7862280718643
4.396967937323
4.7049922957493
5
4.1337523546956
4.85284473677652
4.44675167473312
4.65130396066484
4.75232523341365
4.8610927447699
3.88766993671062
4.5129268264118
4.63947632588632
4.61769005847953
4.89400148638016
4.25990825062101
3.95870135864639
4.12990479750157
4.80121991658501
4.8652156877921
4.32826991123471
4.90154803858193
4.63888888888889
4.03533442582893
4.37835645675236
4.51979328326286
4.7743727356268
4.60489671623475
4.55259979481856
4.4819023500905
4.40799035725431
4.31405038071265
4.531295813146
4.87999916580876
4.43666538967244
4.63454760830091
4.02272955397476
4.74722293953739
4.75
4.53789956114381
5
4.91197825417615
4.45845514863043
5
4.5424985415138
4.51505238772813
4.32483509324219
4.83941560912142
4.47287793104012
4.47174441751001
4.66163889688374
4.55641055794193
4.82971371706973
4.38862218876138
4.71858740568545
4.55740672637404
5
4.69994971751465
4.89154615314944
4.78750388753634
4.86487738345763
4.74526434417471
4.84118336112083
4.79780273158621
4.43227540160437
4.44126121851097
4.62130259690035
4.68078551188632
4.78587727643996
4.39078079988873
4.65077940952403
5
4.74374886599116
4.81026552740057
4.40299632820357
4.77815972370558
4.82625096069539
4.77487936203145
4.60218765854388
4.77678571428571
4.36687979576209
4.5319395490321
4.3019857139226
4.76815425450531
4.61309131129808
4.29630288023728
4.6490346845481
4.80810324507074
4.18538317165608
4.78254926107927
4.63913378807903
4.14467615785309
3.95297216481243
4.64203492892807
4.52931457367556
4.14379140995779
4.2077690401746
4.66582085231668
4.21687052133227
4.38631531864406
4.77935052141951
4.69447477757035
4.6875
4.69606452955608
4.36823196457597
5
4.13135775622589
4.64808498451507
4.54840745185568
4.70426818420409
5
4.6320830183871
4.7072184834113
4.77221777293775
4.36073110587832
4.64711767415521
4.63834646579538
4.50648715484125
4.8569616305635
4.37480573129522
4.55766310705185
4.33607864230798
4.07050958398497
4.13225526978291
4.75095413802607
4.48620172589452
4.53885935777758
4.54244911880492
4.5793171787091
4.89168065580119
4.87455383090527
4.77662058296535
4.00871442723882
4.2140926418797
4.9454992246376
4.56461777187555
4.05862667041169
4.78226576421547
4.77965302635491
4.35994236749741
4.43171770710514
4.52572738370063
4.46050624593661
5
3.96937604454725
3.91168862884876
3.98305685764784
4.32940635435985
4.17151055757435
4.52900657323307
4.27172598010682
4.52434980297917
4.78669264180787
4.43999348319847
4.84375
4.62645670770844
4.89914681494085
4.69084693006063
4.66877131454144
4.61049918335755
4.43492778297057
4.46599963712322
4.42900125599973
4.62963396960228
4.35924956838406
4.29326020479836
4.54846593699712
4.6497547975165
4.63034101665009
4.63192045762186
4.69642857142857
4.67984104781134
3.95722130202283
4.40162821825247
4.33260402066453
4.45954280831488
4.42735423595795
3.76892587753252
3.84879755943257
4.10640338736908
4.73009975065411
3.94546171580893
4.74034643260475
4.40571069869544
4.59727141560737
4.4974799266452
4.68864232718074
4.55186338341266
4.832533964303
4.82130941830746
4.34106121154933
4.64231919160161
4.40895086693495
4.65188580513643
4.4289410547324
4.71907765120638
4.36799768312788
4.43054864340778
4.58008441071068
4.15484160287068
3.93777996455412
4.18550035290396
3.90671541206363
3.79562415745152
3.86899871492973
4.11966416382377
3.58635059053063
4.05571174088877
4.62668932837261
4.51234444863105
4.62607122948583
4.79444503627975
3.94459420363848
4.79693988408311
4.69830319012793
4.10710713222639
4.3974922070429
4.06609837335552
4.2262848472891
3.73390731609537
3.75703738257757
4.50849842714306
4.60532852277403
4.0453436660453
4.58234008889323
4.29968878765703
4.09874064094573
4.72753403409702
4.72696694710333
3.80012945347974
4.8506455897049
3.9367219629706
4.52699192620357
4.7174443590784
4.51817348864849
4.58929772136191
4.24703489368325
4.54805421738955
4.45164678803138
4.88497567809094
4.82077442577422
4.48830383436032
4.27316786040495
4.40022812804047
4.5139655174391
4.08576155792119
4.36375651763529
4.1790791981179
3.9941873946215
3.85745003270333
4.68845732633655
4.5815275767106
4.42831992884885
4.59689573599794
4.34780833722364
4.44052682938075
4.18232472092795
4.5129804072252
4.42170520876734
4.50426739580482
4.52777777777778
4.01224488425821
4.34182884043708
4.9258487810536
4.54735066436805
4.00178758672394
4.88384912353892
4.13361659853183
4.19520025991601
4.83487907793825
3.95967017929848
4.22259443247385
4.43159015147326
4.25519969770632
4.72699867381646
3.99255097162329
4.80013488125163
4.3968899193525
4.88498643152612
4.26443923701027
4.78487767719628
4.86305940465732
4.87530652971367
4.58451189713815
4.73588001399753
4.67516163963747
4.87601005600915
4.53948674008194
4.69392172317028
4.49542608447529
5
4.26830410290119
4.84383374488492
4.91490326730311
4.61899507838819
4.63554448802431
4.84154056325911
3.93541366312495
4.6073780934992
5
4.80385904473161
4.06099105585469
4.74236406761555
4.74575476019889
4.45631429712975
4.46196008307824
4.34444453504015
4.6547533888809
4.69660264257301
4.68415303244728
4.68947318617788
4.60991476699527
4.42500447694105
4.1396713682702
4.63147849934663
4.81389818018564
4.41259766850893
4.33941847845169
4.37213243992502
4.83882369438621
3.9224459813081
4.57734158264965
4.40105558193198
4.01338572747727
4.46229977238708
4.045262636013
4.14564841337182
3.70791435287352
3.94373074346527
4.33336624883862
4.45700457178762
4.13139637150401
4.76855508207352
4.734375
4.72033395900911
4.44716794419125
4.18291994668402
4.20905993595327
4.87057948735714
4.34865181404287
4.58782507927712
4.70393786721046
4.74533796133273
5
4.71982568530664
4.72226107503743
4.67449851942842
4.60362013558673
4.83525886474708
4.7545439995587
3.73150737743335
4.69088828093578
5
5
4.51045512542598
4.67604536990749
4.71102157500849
4.70955700116656
4.2013127421345
4.64414241874769
4.24233405049686
4.67950344443596
4.14749948614145
4.46977295252679
4.07842423487504
4.39652558559512
4.79259916854089
4.13380215730661
3.71801486822307
3.68639044780345
4.67307692307692
3.9621284334648
3.78414020193978
3.80998195123942
3.8611835620324
3.68027328210848
3.425875892786
3.86622082569555
3.55679551712363
4.78451738535154
4.6300638034323
4.62210913435865
4.57065970599524
4.69444444444444
4.72985507903023
4.48596403633087
4.26906130417582
4.5320858528309
4.73197534112752
4.75225585608707
4.07368679420538
4.6845915928776
4.71843186962065
4.85889274817762
4.86604834421685
4.62519384085993
4.39955357142857
4.00006871984603
4.18488649276584
4.00764641324077
4.44482436364271
4.28819838979457
3.34785373846099
4.62102901222667
4.14291661124935
4.80067623723146
4.49376991370234
4.56841514664223
4.85251988198454
4.59552744445271
4.90764766710471
4.4151877478987
5
5
4.6160017327773
5
3.86216773753389
4.27186622281246
4.27982670983298
4.64539966980112
4.24523431245364
3.81599908774573
4.41501930844766
4.32494431764466
4.41251368355397
4.44123675175561
4.50938310337099
4.26663153916647
4.58018226398614
4.65192635711033
4.40343627027873
4.23115746186148
4.60609874587303
3.85423826791674
4.83448616600791
3.91535030477151
4.40508655399161
4.90651758682293
4.52321930650795
3.81355863185368
4.8506455897049
3.45046880433911
4.32447456793097
3.99331417584014
3.03105372338771
4.19527296559289
4.12745765834685
4.33958255890408
4.02913315798797
3.8266029773672
4.62799321950201
4.1535993404964
4.78694121834999
4.95380406185629
5
4.64334392473903
4.78068459294485
4.88813563444985
4.82575916896366
5
4.77167203992387
4.52884261800811
4.77272727272727
4.47735652577915
4.39431068618083
4.45740799031318
4.64019769065802
4.26483300772584
4.39569961125678
4.00663286545619
3.85006758193826
3.50199247521191
3.85724323857596
3.82825940467893
3.54719245072215
3.43321143786912
4.34119676924092
4.49687611551987
4.89356884057971
4.83333333333333
4.4520939346218
4.7188466881641
4.8374849639412
4.30426219372052
4.46196008307824
4.60147432571626
4.7854808913133
4.33714966421738
4.93345290662842
4.8611191016826
4.27314172821553
4.4866306371535
4.77334490357991
4.43998765125837
3.85553338756355
4.59362821081985
5
4.2491935985097
4.42858135201187
4.53878593982725
4.29543587139364
5
4.17464100372942
4.54208681969045
4.72727708364155
4.57428412417728
4.50219651921036
4.34803241560073
4.75891922492119
4.66775269825293
4.82529579958018
4.39596770347895
4.03509221294257
4.13391188411245
4.12992995198679
4.58476450095698
4.87926394317401
5
4.81691774356721
4.73373753045585
4.43968100107126
4.56865691838482
3.57700806620363
4.59724336015531
4.1579960751938
4.28874424844588
4.25273695878776
4.56453631436681
4.79693330505746
4.63847294560409
4.58499780224956
4.1122274518541
4.31961540433993
4.46328671328671
4.65733227009151
4.50255910867848
4.60737066218583
4.51838938179724
4.48776898366536
3.52285785662232
4.81172976390712
4.49023855533573
4.34610912254026
4.44919896625568
4.77579246940382
4.70728846016755
4.39043167360214
4.59902970175956
4.33488827415638
4.56412074056049
4.4006778000339
4.33671433254111
4.88130295881021
4.66931534794924
4.71384633871064
4.4306924231181
4.6563578213324
4.5287455203994
4.40880774196396
4.83946846492669
4.88264054274986
4.68624487921915
5
4.81557580602679
