4.72222222222222
4.80769230769231
4.72222222222222
4.82142857142857
4.79166666666667
4.79166666666667
4.16666666666667
4.88095238095238
4.34348235390699
5
5
5
4.85392027336051
5
5
4.72222222222222
4.9
5
4.88636363636364
5
4.6875
5
4.64285714285714
4.84375
4.6875
5
5
4.6875
5
4.92433247327461
4.75
4.80769230769231
5
4.80769230769231
4.86111111111111
4.77272727272727
4.72222222222222
5
4.77272727272727
4.64285714285714
4.626650726275
5
4.53106208906284
4.85819138167965
5
4.7171669512191
5
5
4.64285714285714
4.83333333333333
4.75
5
4.80769230769231
4.6875
5
5
5
4.64285714285714
4.86111111111111
4.35876248736743
4.85294117647059
5
4.90035374730599
4.6875
4.79166666666667
4.58333333333333
5
4.375
5
5
5
4.94845883481344
4.92497903846888
5
4.6875
5
4.64583333333333
5
5
5
4.84375
4.29663632506034
4.91071428571429
5
4.91071428571429
5
5
4.39085613490964
4.75
4.64285714285714
5
4.16666666666667
5
4.85803615694605
4.64285714285714
4.75
5
4.75
5
5
5
4.86168104000175
4.58333333333333
5
4.75
4.91071428571429
4.80769230769231
5
3.6299018123919
5
3.75
4.81918512763877
5
4.80769230769231
4.84375
4.45293840144954
5
4.7496458121725
5
4.75943805039802
4.82142857142857
4.88636363636364
4.84375
5
5
4.64285714285714
5
4.72222222222222
4.5
4.61402423112521
4.72222222222222
4.42103634668781
4.5
5
4.88636363636364
4.72222222222222
5
5
4.57230175049496
4.79166666666667
4.52353310212062
4.6875
4.375
4.75
4.80769230769231
5
5
4.734375
5
4.5
4.75
4.64285714285714
4.5
5
4.58333333333333
4.75
4.54166666666667
4.64285714285714
4.75
4.67434549983994
5
4.75
4.80769230769231
4.81438519303545
5
4.83333333333333
5
5
4.28716958415827
4.85406184325846
5
5
5
5
5
4.77272727272727
5
4.72222222222222
4.86273210111427
5
5
5
5
4.86111111111111
5
4.86111111111111
4.87746093250248
5
4.75
4.92547750534281
5
5
4.9054504696486
4.82566856451144
5
4.91484071174292
5
5
4.95967741935484
4.84375
4.82634507107149
4.93421052631579
4.80769230769231
4.4778766870654
4.96205433141626
4.91071428571429
5
4.87437984480855
4.83333333333333
5
5
4.96875
4.82142857142857
4.86589339397251
4.6130645390003
5
4.5
5
4.5
5
4.58333333333333
5
5
5
4.80594113254554
4.95689655172414
4.77272727272727
4.89353844403911
5
5
5
5
5
4.5
4.86111111111111
4.81518554467104
4.84375
5
4.6875
4.79166666666667
5
4.82142857142857
4.72222222222222
4.80381905953242
4.86842105263158
5
4.92762954333598
4.86135954204359
4.80769230769231
5
5
4.79166666666667
4.88636363636364
4.82142857142857
4.77272727272727
4.88636363636364
4.79166666666667
4.72222222222222
4.91071428571429
4.86111111111111
4.80769230769231
3.75
5
4.58070283633639
5
5
5
5
4.64285714285714
5
5
5
4.80769230769231
4.64285714285714
4.44520293234678
5
5
5
4.80143488278727
4.86111111111111
5
4.64285714285714
5
5
4.77272727272727
5
5
5
4.77773809201183
5
4.69767529648128
5
5
5
4.56475026764907
4.78753167322349
4.58333333333333
5
4.6472907396814
5
5
5
5
5
5
5
4.92903917454426
4.71811912931689
4.6875
5
4.6875
5
4.6875
5
5
5
5
4.82142857142857
5
5
5
5
4.58333333333333
5
5
5
4.85325322014217
4.82210130054708
5
4.64285714285714
5
5
5
5
5
5
5
5
5
4.46875
4.58333333333333
5
5
4.85435248787553
5
5
5
4.75
5
5
4.75
4.80769230769231
5
4.80776199354729
5
4.72222222222222
5
5
5
4.65986795064245
4.375
4.8755010721737
5
5
5
5
5
4.77272727272727
5
5
4.90435354144513
4.80769230769231
5
5
4.7039798657358
5
5
4.6875
4.84751610169598
4.66388784034745
4.84469535231091
4.70186186642419
5
4.88738665433832
5
4.68707493770318
4.90207891149358
4.5
4.88368135723387
4.69058695112108
5
5
5
4.80769230769231
5
4.80769230769231
4.75
5
5
5
4.84375
5
5
5
5
4.89081587144397
4.76388888888889
5
4.76220898454646
5
4.86597443722681
5
4.86694186643562
5
5
4.75
5
5
4.66973032183757
5
4.86172289445508
5
4.64285714285714
5
4.6875
5
5
5
4.83851714130043
5
5
5
5
4.82142857142857
5
5
4.9240050646359
4.875
5
4.64285714285714
5
5
4.67792427656375
5
5
4.79166666666667
4.58333333333333
4.72222222222222
5
4.82142857142857
4.83319752314006
3.79228886897983
5
4.89306954888378
5
4.81343960827394
4.82400514859309
5
4.6875
4.75
5
5
4.63608789417533
5
4.45919227069374
4.79166666666667
5
5
5
4.5
5
4.58333333333333
5
4.84890406900602
5
5
4.921875
5
5
5
5
5
5
5
5
4.79704951194513
5
5
4.82951134727792
5
5
5
5
5
5
5
5
4.78335763323376
5
4.6875
5
5
4.75
4.6875
5
3.9184859532633
5
4.6875
4.79166666666667
3.17256840472892
3.75
4.69942188918884
4.77272727272727
4.5295247471134
5
3.78171226981928
4.42781203435476
4.65964701959471
4.49804465337801
4.26228829735757
4.66245077735873
4.79166666666667
5
3.8561965963037
4.77272727272727
4.79166666666667
4.10038588789317
5
4.25245519945128
5
4.77578511422897
4.75
5
5
4.78854686393905
4.69320765503289
4.68768388990991
4.84791833817481
5
5
5
4.82744575382002
4.4778766870654
5
4.72222222222222
4.16666666666667
5
5
4.5487847906527
3.8230444338625
5
5
4.8297444490265
4.42758198218937
4.375
4.72222222222222
5
4.79678854566042
4.375
5
4.77743182454194
5
4.67210697919613
5
4.8172113459374
5
5
5
4.9
5
5
4.88937281136195
5
5
4.90319134845461
4.64170747885559
4.79166666666667
4.84375
5
5
5
4.84375
5
4.86111111111111
5
4.88636363636364
4.94444444444444
5
5
5
5
5
5
5
4.83857744637436
4.83333333333333
4.83536235434295
4.89390794719947
4.82142857142857
5
4.80769230769231
4.77272727272727
4.88402436305699
5
5
4.90765638343239
4.81153323755192
5
4.8600848805901
4.57453120898357
5
5
4.86111111111111
4.80758710810292
5
4.74666146653708
5
4.57877295797821
4.86111111111111
5
5
4.9375
5
4.77661304308509
5
5
5
5
4.69763688416173
4.69642857142857
4.80681818181818
4.769642482903
5
4.83333333333333
5
5
5
4.88636363636364
5
5
4.58333333333333
4.84654852891451
5
5
5
5
4.84375
4.79881018749728
4.6875
4.9118698423226
4.77175085737482
4.86111111111111
5
5
5
5
5
5
5
5
5
5
5
5
4.62042802595208
4.76685799710236
4.75
4.85294117647059
5
4.68833430807657
5
5
3.93701865411789
5
4.6875
5
4.72222222222222
4.64285714285714
4.575
4.88636363636364
4.83333333333333
4.6875
4.6875
4.64109765542858
5
4.5
4.72222222222222
5
5
4.58333333333333
5
4.72222222222222
4.83333333333333
5
4.80769230769231
4.72222222222222
3.75
4.72222222222222
4.60906023460005
5
5
5
4.58333333333333
4.64285714285714
5
5
4.84669350337216
4.78903316070102
4.84314806036956
4.79541977493644
4.80664820556949
5
5
4.82863214646301
4.80769230769231
5
4.86028520270886
4.87794592309569
5
4.80140691077515
5
4.5
4.76626965462121
5
4.77272727272727
5
5
5
5
5
5
5
5
5
5
5
5
5
5
5
5
5
4.64285714285714
5
4.79903134985544
5
5
4.83333333333333
4.80050319384105
4.80769230769231
5
4.58333333333333
4.5
5
4.80769230769231
5
5
4.82177320050787
4.84375
5
5
5
5
5
4.88636363636364
5
5
4.71601372315075
5
5
5
4.83170014522107
5
3.75
5
4.69475123211058
4.375
4.85294117647059
3.75
5
5
5
5
4.86782348894326
4.82142857142857
5
4.86851662202654
4.91666666666667
5
5
4.77157117910497
5
5
5
5
5
4.91666666666667
4.83904265633176
4.83323914905516
4.80328329187921
5
5
5
5
4.83304838612702
4.7082041237154
4.5312337848372
4.62330343338947
5
5
4.79166666666667
5
4.64285714285714
4.79166666666667
4.74377798286956
4.72222222222222
4.34109541339569
4.58333333333333
4.75
4.22052227560111
4.85768221903755
4.82911822322101
4.64285714285714
5
4.75417300079443
5
4.58333333333333
5
5
5
4.82142857142857
4.5
5
4.74032321499104
4.86111111111111
4.64285714285714
4.5
5
5
4.72222222222222
5
4.70382603441174
4.6875
4.77272727272727
4.57405235929777
4.80346417688748
5
5
5
5
5
5
5
5
4.84183753152186
5
5
5
5
4.85294117647059
5
5
5
5
4.90510576360196
5
5
5
5
5
5
5
4.76707607122627
4.89144124052445
5
5
5
5
4.77352364444143
5
4.41938302785374
5
4.375
5
4.84375
5
5
5
4.72222222222222
4.75
4.72222222222222
4.91618540977903
4.75
4.87046836056759
4.5
4.69581776481238
5
4.64285714285714
4.7338444193141
5
4.71872149724942
5
4.58333333333333
5
4.68536082908597
4.16302933074924
5
4.72222222222222
4.58333333333333
4.58333333333333
4.6875
4.82406989493141
4.80769230769231
5
4.80043687241007
5
5
4.64006812646008
4.7651235938949
4.84736532428011
5
5
5
5
4.6875
4.53320442603192
5
5
4.5
5
5
4.64375549457255
4.375
5
5
5
5
5
3.75
5
5
4.84955530212084
3.75
5
5
5
5
5
5
5
5
5
5
5
4.67297885861445
5
4.6875
4.82142857142857
5
5
5
4.75445261080985
4.87907014852069
5
4.77272727272727
4.82315553922509
4.95484974480009
5
4.79166666666667
4.72222222222222
4.75
4.6875
4.8763925435758
4.83333333333333
5
4.86658145252076
5
4.81196251327993
4.80853491032402
4.58333333333333
4.82142857142857
4.77272727272727
4.90384615384615
4.48885600315212
4.64285714285714
4.91666666666667
5
5
4.64285714285714
4.84334272064676
4.66773970995071
5
5
4.80521331729426
5
4.85198439807839
5
4.58333333333333
5
5
5
5
5
5
5
5
5
5
5
4.631894434081
5
5
5
5
5
5
5
5
5
5
5
5
4.72683914868639
5
5
5
5
5
5
4.84969136439866
5
5
4.84375
5
5
4.72222222222222
4.375
5
5
5
5
5
4.58333333333333
4.72222222222222
5
5
5
5
5
5
5
4.66462280010757
5
5
5
5
4.64285714285714
5
4.83497898578437
4.79166666666667
5
4.82761531129996
4.58333333333333
5
4.95852109786198
5
5
5
4.7334444871945
5
4.58333333333333
4.79903656302082
5
4.16666666666667
5
4.85237775304526
5
4.86842105263158
4.87855850725264
5
5
5
5
4.72222222222222
4.50528420709541
4.16666666666667
5
4.75
5
4.65519439153764
4.77272727272727
4.66145083534563
5
5
5
4.72582910108608
5
5
5
4.375
4.72222222222222
4.58333333333333
4.81634512387873
5
4.80769230769231
4.68668365069371
5
4.64285714285714
4.58333333333333
5
4.68040249266376
5
4.6875
5
4.82142857142857
4.6278386810402
4.6875
4.55322608617018
5
5
5
4.85572569507765
5
4.6875
4.85402267018087
4.89964467526662
4.89492529186885
5
5
4.69927227631967
4.58416845362284
4.39085613490964
4.88652693388979
5
5
4.82142857142857
3.75
5
4.90498416455637
4.92533974350313
5
5
5
5
5
4.86092065238096
4.82142857142857
4.58333333333333
4.75
4.75
5
4.84375
4.77272727272727
5
4.86842105263158
4.80769230769231
4.80348100043804
5
4.6875
5
5
4.5
5
4.6875
4.69722524542006
5
4.84375
4.77113731866352
5
4.75
5
5
4.68359837470094
5
4.92424242424242
4.90297742176098
5
4.88636363636364
4.77272727272727
5
5
5
5
5
4.89737650319944
5
5
5
4.65990665001324
5
4.72222222222222
4.23241661218687
4.6182656701544
5
5
4.78921031891751
4.8522801164319
4.81761917289577
4.82142857142857
5
4.83848633008584
4.77272727272727
5
4.80046121388775
4.73708609680052
4.16666666666667
5
5
5
5
5
4.87326224041822
5
5
5
5
5
4.84790888240619
4.84101649574819
5
4.92647058823529
5
4.24734967834481
5
3.75
4.58333333333333
4.45310701288361
4.70565546385675
5
4.5
4.72222222222222
5
5
5
5
4.16666666666667
4.875
4.83660272184314
4.79166666666667
4.64590139517645
5
4.5
4.83333333333333
4.84375
4.72222222222222
4.83333333333333
5
5
5
4.58333333333333
4.93191780076798
5
4.8236050479812
4.5736345694185
4.90384615384615
5
5
5
5
5
4.89492998093987
5
4.79166666666667
4.85501589984158
4.94047619047619
4.84311743096463
5
4.78867397449047
4.79166666666667
5
4.79166666666667
5
4.92995332062658
4.91666666666667
4.94425292586905
5
4.70501396583295
4.84152260194721
4.78262759194535
4.64285714285714
4.59942813731647
5
5
4.80769230769231
4.87430978603319
5
4.45919227069374
4.72222222222222
5
5
4.16666666666667
4.853307887561
4.77272727272727
5
5
4.69042913990986
4.64285714285714
5
4.79166666666667
5
4.83653846153846
5
4.77232424062798
4.8274884049646
5
5
5
5
5
5
4.76657531691878
5
5
5
4.16666666666667
4.80917654953591
5
4.75
4.82142857142857
4.58333333333333
4.56033379057246
5
4.60819684128802
5
5
5
5
4.58333333333333
4.75
4.60881859668887
5
4.68034405454969
5
4.6975656404949
4.56093340847715
5
4.77272727272727
5
5
5
4.73259940319807
4.94361138950097
5
4.77272727272727
5
5
5
5
5
5
4.75
5
5
5
5
5
5
5
5
5
5
5
5
4.57338094989119
4.83690329358531
4.80769230769231
5
4.71822739070722
4.87346664546736
4.6875
5
5
5
4.81879548275521
4.6875
5
4.77272727272727
4.64285714285714
4.84375
5
5
5
5
5
5
5
4.85294117647059
5
5
5
4.67542249934196
4.76308678480899
4.76730774089813
5
5
4.69696162078399
5
4.79473173045768
4.94553424061438
4.71490659870641
4.64343156476114
5
4.83856406915011
5
5
4.79166666666667
4.90967139599024
4.58333333333333
5
4.85294117647059
4.64285714285714
4.95341412447649
5
5
5
5
5
4.82142857142857
5
5
5
5
5
5
5
5
5
4.77272727272727
4.88367943357296
5
5
5
5
4.82142857142857
4.82050576340682
5
5
5
5
4.78828708867847
5
5
4.77410762121219
5
4.75
5
5
4.6875
4.478264544418
5
5
5
4.8558897818538
4.8558897818538
5
4.85294117647059
4.55901264345253
4.71195884774475
4.74275021220499
4.71696110389417
4.85425501380693
5
5
4.54314210118223
4.80681818181818
5
4.57182519781667
4.66773970995071
4.79173222661588
4.81725684047289
4.77272727272727
5
5
5
5
4.90944879418082
5
4.79166666666667
4.63121877402996
4.93055555555556
4.734375
4.72222222222222
4.79166666666667
5
4.75
4.12995042594246
5
5
4.79179233794485
4.75748484719721
5
4.6875
5
4.97596153846154
5
4.83333333333333
4.72222222222222
5
5
5
4.94254327844763
5
4.92749508946962
4.86612739584647
4.26902736189157
5
4.66773970995071
5
4.72222222222222
5
5
5
5
4.98705549671018
4.96398305084746
5
5
5
5
5
5
4.84821428571429
5
4.9318950271863
5
5
4.64285714285714
5
4.16666666666667
5
4.72222222222222
5
4.375
5
4.77272727272727
4.84375
5
4.58333333333333
5
4.82142857142857
5
5
4.85294117647059
5
5
5
4.8250585569077
5
5
5
4.87539461419322
5
4.76601666987488
4.375
4.5
4.58333333333333
5
5
4.875
5
4.68527545692811
4.54011009039968
5
4.88309056671863
4.79436296541941
5
4.80769230769231
5
4.58333333333333
4.375
5
4.67263437049078
4.16666666666667
4.69461284386345
4.6875
5
4.921875
5
4.5
4.66977967983617
4.58333333333333
4.64285714285714
4.82244880408518
5
4.75
5
5
5
4.58333333333333
4.16666666666667
5
4.74969169260016
4.5
5
4.90384615384615
4.6875
4.8305984746544
4.94565217391304
5
4.87012187639106
5
5
5
4.84821428571429
5
5
5
4.70706292240812
5
5
4.58589684275
5
5
4.91515404689021
5
4.82722271833382
5
5
5
4.96360483924596
5
4.8128257895278
4.39392258391061
5
4.55987554452829
5
4.5403256944167
5
5
4.58333333333333
5
4.66437054542636
4.81676034607977
5
5
4.85293966590802
5
4.83333333333333
5
5
5
4.80972317700988
5
5
4.74094676945097
5
5
5
4.86085371186438
3.25446428571429
5
5
4.83333333333333
5
5
4.83333333333333
4.89517322878969
4.64650646091664
4.83333333333333
5
4.77272727272727
4.88941184132781
5
5
5
4.64285714285714
4.64285714285714
4.84375
5
5
4.85875709002231
5
5
4.375
4.83333333333333
5
5
5
4.89360709049027
4.75
5
4.84375
4.5
4.88095238095238
5
5
5
5
4.85019499969629
4.5
5
5
5
5
5
4.84955530212084
5
4.6875
5
5
5
4.58333333333333
5
3.75
4.16666666666667
5
4.76388888888889
5
4.5
5
4.58333333333333
5
4.79579237217663
5
5
5
4.84459217040266
4.65352561956955
5
4.64285714285714
5
5
4.59390408993976
4.84870044564563
5
4.5
5
5
4.44260563432512
4.28783488491084
4.72222222222222
5
5
5
4.75
4.5
4.82142857142857
5
4.83333333333333
4.72222222222222
4.375
4.79174792146486
4.75
5
4.72222222222222
5
5
4.53003047441229
4.85294117647059
4.6875
4.72222222222222
5
4.64285714285714
5
4.77287972202101
4.82142857142857
4.84674825278178
4.875
5
5
5
4.64014987605902
4.88358092702789
5
5
4.82142857142857
5
5
4.63204860466848
4.73242879001351
4.76748078009008
5
5
5
5
4.64285714285714
4.5
5
5
4.5
4.69840580783689
4.84375
5
5
4.88636363636364
4.66159606689041
4.58333333333333
4.90461735104443
4.7430814214794
4.87197011931645
4.66404258633863
4.55737424268467
4.72222222222222
4.8284239039737
4.56850928686376
5
5
4.72222222222222
5
5
4.9537037037037
5
4.64285714285714
4.64683468043283
4.875
4.88636363636364
4.83331253389887
4.39085613490964
5
4.26902736189157
4.81857786666971
4.64285714285714
4.89333409187522
5
4.73737867316616
4.8321908267067
5
5
5
5
5
5
5
5
5
5
4.26902736189157
4.88095238095238
5
5
5
5
4.79166666666667
5
5
4.77098549364961
5
4.69778568190034
4.70084293901137
4.875
5
5
5
5
4.75
4.82142857142857
4.875
4.90993806275173
4.82142857142857
5
4.83563648793641
4.82142857142857
4.61834899679685
4.69893199529964
5
5
4.86842105263158
4.85097124555012
4.75
5
4.6875
4.72897693742972
5
5
4.83627270060717
4.86842105263158
4.88095238095238
5
4.84375
5
4.6875
4.72222222222222
4.77305136521547
4.77272727272727
4.78780706150319
4.58333333333333
4.7591602849948
5
5
5
5
5
5
4.91200306246586
5
5
5
4.87722538300779
4.77272727272727
5
4.16666666666667
4.71628605654414
4.80769230769231
5
5
4.58333333333333
5
4.75
5
5
5
4.66169127512663
5
4.31524670109374
4.85383758206514
4.81527791619807
5
4.87711663426617
4.64285714285714
4.16876282066928
5
4.87299699008975
5
5
4.58333333333333
5
5
4.58333333333333
4.63662814118303
5
5
4.6875
4.64285714285714
4.70945004957412
5
5
4.80769230769231
4.75
5
5
5
5
5
4.86154893522491
5
4.79166666666667
5
5
4.5
4.6983659865014
5
5
4.64285714285714
5
4.42989517691676
5
4.85294117647059
5
5
5
5
5
4.62784007245834
4.69376450465406
5
5
4.71771400825924
4.83950306823965
4.83750348477135
5
4.72222222222222
4.77157105059112
4.91013292747925
4.59584415160821
5
4.64285714285714
4.8276826686179
5
5
4.6711593998248
4.83333333333333
5
5
5
5
5
5
5
5
5
4.77272727272727
5
4.375
4.85294117647059
5
4.87305859231264
4.77272727272727
5
5
5
5
5
5
4.93365990584474
4.7589919280305
4.6875
5
4.93055555555556
5
4.75
4.72222222222222
5
4.375
5
4.85024773959619
5
5
5
4.7602178693354
4.77272727272727
5
4.77272727272727
4.75
5
4.72222222222222
4.5
5
4.6875
5
4.83898013019858
5
5
5
5
4.82794369225501
5
5
4.375
5
4.375
5
5
5
4.77272727272727
5
4.64285714285714
4.80356061281246
5
5
5
5
5
5
4.79166666666667
5
4.71216502180523
5
4.84234499689031
4.64285714285714
4.75
5
5
5
4.75
5
4.8591671312481
4.77639129722203
5
4.8184474687146
4.88381022280846
4.91688071737862
4.79255173553127
4.86804593372051
5
4.75
4.68764826980503
5
5
4.87918991936608
5
4.72222222222222
4.64062397512946
5
4.70621903731909
5
4.75
5
4.79166666666667
5
4.77272727272727
5
5
5
5
5
5
4.75
5
5
4.79599314275837
5
5
4.72222222222222
5
5
5
4.67904060642759
5
5
4.72222222222222
5
4.82142857142857
4.79166666666667
5
5
4.86842105263158
5
4.5
4.77272727272727
5
5
5
4.64285714285714
4.64548731681255
5
5
5
5
4.79166666666667
5
4.69532613078126
5
5
5
5
5
4.37992170762688
5
4.52690492330067
5
5
4.70795692814985
5
4.5
5
4.75
5
5
5
5
5
5
4.59647035533031
4.72222222222222
4.5
5
4.64285714285714
4.6875
5
4.6875
4.77272727272727
5
5
4.85833333333333
5
4.375
5
4.375
4.43510513782367
4.72222222222222
5
5
4.6875
4.72222222222222
4.7453279598919
4.6875
5
5
5
5
5
4.8450119348182
5
5
4.58333333333333
5
4.58333333333333
5
5
4.58333333333333
5
4.6875
5
4.80769230769231
5
5
5
5
5
5
4.375
5
5
5
5
5
5
5
5
5
5
4.42825804473573
5
5
5
5
5
5
5
5
4.75
5
5
4.83153883762698
4.83653846153846
5
4.63741280195144
4.72222222222222
5
4.90641201135171
4.69433085493478
5
5
4.77969281984967
4.72222222222222
5
5
4.85294117647059
4.82626604028561
5
5
5
5
4.77272727272727
4.76384483488691
5
4.77272727272727
4.67286456532503
4.63811107349381
5
4.91071428571429
5
4.6875
5
5
5
3.75
4.83333333333333
4.82897175622496
5
5
4.6875
4.75
5
4.90320338605874
5
5
3.85058984043938
4.72845635709552
4.75
4.5
4.91332084149791
4.8184474687146
4.73510326381807
5
5
5
4.74530499529776
4.58333333333333
4.58333333333333
5
4.85414888192159
4.69286374433793
5
5
5
4.62402038083245
4.51688641484563
4.375
4.6875
4.375
5
4.80769230769231
4.71161826156499
5
4.5
5
3.75314423100392
5
4.16666666666667
5
4.73499230086371
5
4.375
4.71101403160787
4.16666666666667
5
4.58333333333333
4.6875
4.90481953182442
5
4.66457618365116
4.875
5
4.84375
4.85735266000669
4.77272727272727
5
4.25672174078798
5
5
4.76465364595822
3.75
5
4.7797702500075
4.82854528107836
5
4.58333333333333
4.84536968720266
4.75
5
4.68349398838377
5
4.82353525572373
5
4.83551803323967
5
5
5
5
5
5
5
4.46896405367328
4.375
4.83486516091878
4.79095679631778
5
5
5
4.86111111111111
4.375
5
5
5
5
5
5
4.83333333333333
4.80769230769231
4.85032129015725
5
4.30893678704932
5
5
4.53602140474096
4.80769230769231
4.89341453922632
4.74986736146295
5
5
4.71412271573656
5
5
4.77782852010983
4.68858400973726
5
4.76182297476328
4.69818540305714
5
5
4.78599391559028
5
5
5
4.58333333333333
5
5
4.27312150522172
4.80769230769231
5
4.72222222222222
5
4.79166666666667
5
4.75
5
4.90368573995222
4.82142857142857
5
5
5
4.86111111111111
5
4.82142857142857
5
4.89375
4.86111111111111
5
5
4.80769230769231
4.84925679690581
4.81719567846876
4.82142857142857
4.75
4.66637944941077
5
4.75
4.75
5
4.68921245566825
4.83104633715603
4.83594115709991
4.58333333333333
5
4.58333333333333
5
5
5
5
4.78206581963273
5
5
5
4.91666666666667
5
5
5
5
5
5
5
4.27731930869508
5
4.80104828007961
5
4.64285714285714
5
5
5
4.6875
4.8146747253626
4.53694507118256
5
4.68253626367281
4.79166666666667
5
4.91797017112543
5
4.5
4.6875
5
5
4.6536669205227
4.64285714285714
4.79166666666667
4.19998933997176
5
5
4.77272727272727
5
4.71464418875427
5
4.64285714285714
5
4.5
4.82098164641554
5
5
4.88417530413706
5
5
5
4.64583333333333
4.59834863192662
4.5
4.72222222222222
4.80769230769231
4.89130434782609
5
4.80769230769231
4.47348553883388
5
5
5
5
4.58333333333333
5
5
5
4.64285714285714
5
4.16666666666667
5
5
4.82142857142857
5
5
5
4.72222222222222
5
4.83333333333333
5
5
5
5
4.5
5
5
5
4.72260146617339
4.82865732581534
5
5
4.88111491407431
5
5
4.90759966149991
4.60011236000986
4.88701419154152
4.77213357833833
5
4.83333333333333
5
4.85023205434855
5
4.86469823317883
5
4.79166666666667
4.89341453922632
4.5
5
5
5
4.89583333333333
4.69566862213008
4.72222222222222
4.77272727272727
4.62738389339915
3.82310953923547
4.88980636933208
5
4.375
4.80898836582822
5
5
5
4.5
4.58333333333333
4.58876063575728
3.76435652072756
4.72222222222222
5
5
5
4.72222222222222
4.69642857142857
5
5
4.875
5
4.16666666666667
4.5
5
4.56176209871968
4.26902736189157
5
4.88569043051265
4.68820388333135
5
4.77272727272727
4.69119581767186
4.6875
4.34957145910789
5
4.8642547887195
4.68889904954551
5
4.20318672827256
5
4.76472463944897
4.84375
5
4.75
5
5
5
4.68590515190123
4.83894829409579
5
4.82142857142857
4.86111111111111
4.78400254822916
5
5
5
5
5
5
5
5
4.84098750811744
5
4.79166666666667
5
5
5
4.77272727272727
4.77351513616796
4.62794084619718
4.64285714285714
4.80609652493162
4.64285714285714
5
5
4.32677241295452
4.16666666666667
4.875
4.78684152365367
4.22962499814763
5
5
5
5
5
5
4.8284199301622
4.6875
5
4.89075920851804
4.86106196455039
4.6875
4.75
5
5
5
4.82142857142857
5
5
4.375
5
5
5
4.6875
4.80769230769231
4.87880316079291
4.58333333333333
4.75
5
5
4.94047619047619
5
5
4.7575141464996
5
4.72222222222222
5
5
5
5
5
5
4.79166666666667
5
5
4.88016424914292
5
5
4.86981195838277
4.75852399571513
4.87448212940418
5
5
5
4.79166666666667
4.80234962175115
4.58907769485831
4.64285714285714
5
4.96951219512195
5
4.82943318330976
4.81928707876474
4.60931786466628
5
5
5
5
5
4.875
5
4.88405604275683
5
5
4.64620701261344
5
4.42673824347175
5
5
5
4.80769230769231
4.6875
5
5
5
5
5
4.78532671880616
4.375
4.5
4.80769230769231
5
5
5
5
5
4.72653200208264
4.79393408460456
4.86145843714855
5
5
5
4.64285714285714
4.72222222222222
5
4.74524448839764
4.72971034534787
4.5
4.57615287198906
5
4.64285714285714
4.16666666666667
5
4.16666666666667
5
5
5
5
5
4.84375
4.75
4.16666666666667
4.5
4.76593742122303
5
5
5
4.56437176828232
5
4.64285714285714
5
5
5
5
4.80769230769231
5
4.85294117647059
5
5
5
5
5
4.65433331073878
4.75
4.61051265892674
4.87981158843166
4.69542806745482
4.82142857142857
4.84821428571429
5
4.64285714285714
4.67185284211822
4.69952111450249
4.87753183886869
4.82142857142857
4.86577674106453
5
5
4.76027092582773
4.77272727272727
5
4.79166666666667
5
5
5
5
5
5
4.68036038526806
5
5
4.72222222222222
5
5
5
5
5
5
4.64285714285714
3.5404881810362
4.92483315257227
4.78454902020232
5
5
4.64285714285714
5
5
4.80769230769231
4.64285714285714
4.75
5
4.79166666666667
5
4.82959778824153
4.85294117647059
5
5
5
4.5293351496983
5
4.90649756236088
5
4.72523644127134
5
5
5
5
4.86435078952056
5
4.375
5
5
4.56176209871968
5
4.55390831588339
5
5
5
4.83364058009658
5
5
4.68864298002966
5
5
4.875
4.58333333333333
5
5
4.6786040395232
3.75
4.46875
4.82601465412442
5
4.56362656653496
5
4.25664190257002
4.85294117647059
5
5
4.64285714285714
4.82142857142857
5
5
4.66060482416409
5
5
4.89537419629746
5
5
5
4.375
5
5
4.6875
5
5
5
5
5
4.76388888888889
5
4.5
5
5
5
4.64285714285714
5
5
4.375
5
5
4.69726087293494
5
5
4.66465566762818
5
5
5
5
4.72222222222222
4.375
5
5
4.58333333333333
4.73194887445363
5
5
5
5
5
5
5
5
4.80769230769231
5
5
5
5
4.64285714285714
5
4.75345473190461
5
5
4.58333333333333
5
5
5
4.44739232270532
5
4.56474200872255
5
4.86111111111111
4.75593909085829
5
5
4.72222222222222
5
5
5
5
5
5
5
5
5
5
5
4.90384615384615
5
5
5
4.8100208848612
5
5
5
5
5
5
5
4.79015371503668
4.82142857142857
5
4.77272727272727
4.78471262962604
5
5
5
5
5
4.79166666666667
5
5
5
5
4.75395180208236
5
4.79627764841023
4.82475322566262
5
4.84043573925513
4.85407935157165
4.85102273860603
5
5
5
5
5
5
5
5
4.82142857142857
5
4.72222222222222
5
4.78024024544574
4.5242074537093
4.79468000849829
5
4.5
4.7039798657358
4.64025847086664
5
4.79166666666667
5
4.48695916010282
5
5
5
5
4.84727796259098
5
5
5
5
5
4.89709230033057
5
5
4.78956199574854
4.79517789638501
5
5
4.74040401675698
5
4.78366066674033
5
4.65780001416382
5
5
4.51340513814269
5
5
4.80097140243164
4.64285714285714
5
4.93440028796241
5
4.26902736189157
4.7454126614366
5
4.89583333333333
4.81209138290226
5
5
4.94565217391304
4.64285714285714
5
4.82142857142857
4.64285714285714
5
4.75
4.80769230769231
5
4.77272727272727
4.875
5
5
5
4.73825658191882
5
4.76117940236178
5
4.16666666666667
4.80769230769231
5
4.83333333333333
4.88681915652155
5
5
5
4.6875
5
5
5
5
4.88687445375032
5
4.7501890515571
4.89583333333333
4.5772555404455
5
3.86410902062789
4.85294117647059
5
5
5
4.74718465252263
4.375
4.64285714285714
4.64510232212288
5
5
5
4.72222222222222
4.70062815867113
4.82142857142857
5
5
4.80321898254777
4.66272570741875
5
4.81540414535996
5
5
4.84182036579414
4.5
5
5
4.88636363636364
4.5
5
4.80769230769231
5
4.58333333333333
4.80958103693028
4.80769230769231
4.79166666666667
5
5
4.75
4.68150434891871
4.69580199039104
5
5
4.68342394317376
5
4.89029805016553
5
4.64285714285714
4.7326864678397
4.46385674115568
4.77212453358655
5
5
4.76621444470321
5
5
5
5
4.6875
4.5
4.77272727272727
5
4.83282237679034
4.64285714285714
4.58333333333333
4.75
5
5
5
5
5
4.4627102455456
4.84660970314794
4.84446684076052
5
4.85645177857239
4.72203660877464
4.734375
5
4.84152718958896
4.75687643963191
4.79550385949929
4.77272727272727
5
4.54710183630859
4.69439060101211
4.75
4.75647708381568
4.72222222222222
5
4.71564598419622
5
5
5
5
5
5
5
4.79610963571839
5
5
5
4.50765996011661
5
4.82796220364968
3.75
5
5
4.54246633451833
4.76135903438909
5
4.63457318170933
5
4.84013767735431
4.58333333333333
4.58333333333333
3.75250536086851
4.82437818171659
5
4.58333333333333
4.72222222222222
4.375
5
4.69542806745482
4.85210335602449
4.84375
5
5
5
4.56596294334578
4.58333333333333
4.81981654299205
4.72222222222222
4.56075940703157
4.6875
5
5
4.68481292075125
4.79166666666667
5
4.83871778821675
4.79166666666667
5
4.77272727272727
4.72222222222222
4.5
4.82142857142857
5
5
4.75
4.77272727272727
4.16666666666667
5
4.64285714285714
4.5
4.72222222222222
4.72222222222222
4.86111111111111
5
5
4.69133113728869
4.77995551993153
4.6681851832487
4.79166666666667
4.87702876274524
5
5
5
4.78062927229198
5
5
5
5
5
5
4.6875
5
4.77272727272727
4.79166666666667
4.85612390961888
4.76020651603146
4.72222222222222
4.5
4.75
5
4.80681818181818
5
4.6875
4.64285714285714
5
5
4.80769230769231
4.72222222222222
5
5
5
5
4.53120327692288
5
4.8184474687146
4.75
5
5
4.86145458395592
5
5
4.83048600812959
4.80769230769231
5
4.77272727272727
4.77272727272727
5
5
4.73836220917465
4.75
4.6662340958852
5
5
4.3214063630735
5
5
4.74274279338925
5
4.8671875
4.84479175964671
4.58333333333333
4.81585170411071
5
5
5
4.72222222222222
4.77272727272727
4.58333333333333
4.79166666666667
5
5
4.83660272184314
3.67565114195787
5
4.45982079125538
4.85294117647059
4.16666666666667
5
4.81023310115351
4.79166666666667
4.4348904526447
5
4.82142857142857
4.375
4.84375
4.84269607446749
4.72222222222222
5
4.375
4.82328615072381
4.58333333333333
5
4.64285714285714
4.75
4.89964467526662
4.65330660227681
5
4.8383636812819
5
5
4.5
4.83128051081489
4.5
4.72222222222222
4.58333333333333
4.64285714285714
5
5
4.75
4.83333333333333
5
4.4778766870654
4.8146747253626
4.82152091259337
4.7858777575426
5
5
5
4.82272712876297
4.58333333333333
4.91666666666667
5
5
4.54314210118223
4.70988236308642
5
5
4.6875
5
5
5
4.92539862213011
4.7861753727149
5
4.70964198925016
5
4.5
5
5
4.6875
5
5
5
4.5
4.64285714285714
4.72222222222222
5
5
4.5
5
4.64285714285714
5
4.58333333333333
5
5
5
4.57345549580517
5
4.81948625707933
4.90384615384615
4.54688111283659
4.66102505783647
4.65782704967315
4.921875
4.64285714285714
4.6875
4.89583333333333
5
4.88514560829285
5
4.72222222222222
5
4.75
4.375
4.84375
4.72222222222222
4.48056297498262
4.16666666666667
5
4.72222222222222
4.6875
5
4.16666666666667
4.70084293901137
5
4.88095238095238
5
4.84983205486613
4.6875
5
5
4.39085613490964
5
4.88416473792895
5
5
5
4.78765275856205
5
4.71426535022106
5
4.64285714285714
4.83333333333333
4.60655426919463
5
4.90740740740741
4.82142857142857
5
4.82142857142857
5
4.6875
5
4.82118133609659
4.80769230769231
5
5
4.79488471053874
4.79166666666667
4.84741779859107
4.64285714285714
4.65527570526609
4.77272727272727
5
4.84375
4.88095238095238
4.79166666666667
4.84375
4.90384615384615
4.72222222222222
5
5
4.47207223380735
4.87838180948158
4.74580874888982
4.82162658452583
5
5
5
5
4.77272727272727
4.57554469214464
4.86019489688718
5
4.78947820055526
5
5
5
5
4.50718563720937
5
5
5
4.77272727272727
5
5
4.375
4.77272727272727
4.7921214347562
4.64285714285714
5
5
4.77272727272727
5
4.39017098089304
5
4.64285714285714
5
5
4.86103695044165
5
5
5
5
4.8162454409945
5
5
4.64285714285714
5
4.77541902286576
4.6875
4.80769230769231
5
4.77272727272727
5
4.72222222222222
5
5
4.94791666666667
4.90185914620991
5
5
5
5
4.58333333333333
4.86455728470624
5
5
5
4.58333333333333
5
5
4.8756076524137
4.6875
4.77272727272727
4.58107587658873
4.72222222222222
5
4.08628420236446
5
5
5
5
5
5
5
5
4.85263287453969
5
5
4.83008295634132
5
4.75
5
5
5
5
5
4.6875
5
5
4.52343031343116
5
5
5
5
4.16666666666667
5
5
4.78985996187975
5
5
4.80364436563418
4.71981328250633
5
5
5
5
5
5
5
4.72851514993076
5
4.72222222222222
5
5
5
4.375
4.73347849451125
5
5
4.32530674815884
5
4.75942570755854
5
5
4.29804886698505
5
5
5
5
5
5
4.82921866284507
5
5
5
5
5
5
5
5
5
4.80245989561336
5
4.84375
4.49636790681471
5
5
5
5
5
4.58333333333333
4.79166666666667
5
4.85863728824273
4.89583333333333
5
5
5
4.78475209220015
5
5
5
4.77992893800139
4.88636363636364
5
5
5
5
4.86679896842859
5
5
5
5
5
5
4.87641504131463
5
5
4.6875
4.84162290322736
5
4.80769230769231
5
5
5
4.93290534659023
5
4.68860276807334
5
5
5
5
5
5
5
4.875
4.73984550611178
5
5
4.72222222222222
5
5
4.77157105059112
5
5
5
4.84375
5
4.68793708490711
4.375
4.64583333333333
4.81574556946788
4.75634245396386
4.79166666666667
4.58333333333333
4.5
5
5
5
4.88095238095238
4.75
5
4.68577956260048
4.45290196158916
5
5
4.64285714285714
4.375
4.75
5
4.64285714285714
4.77272727272727
5
5
5
4.83810145790376
4.6875
4.81039939550827
5
5
5
4.64285714285714
5
4.6875
4.47504204275215
4.6875
4.64285714285714
5
4.58333333333333
4.72222222222222
4.75589763845571
4.63158901421415
4.81787499150756
4.6875
5
4.87632410790127
4.81103139467299
4.16666666666667
5
5
4.77843102216618
5
5
5
4.83199642416636
4.81937223564407
5
4.375
4.88636363636364
4.36356319891286
4.16666666666667
4.80588900232003
5
4.86646639816887
5
5
4.82142857142857
5
4.72222222222222
5
5
4.72222222222222
4.6875
5
5
4.6875
5
4.6875
4.93843177806981
5
5
4.80769230769231
5
5
4.84375
4.80196228045851
4.8709642117065
5
4.6875
5
5
4.86111111111111
4.85294117647059
5
5
5
5
5
5
5
5
4.81748526103316
5
5
5
4.59572072243358
4.84021635322106
5
5
5
5
5
5
5
5
4.78428409923796
4.64285714285714
5
4.80769230769231
3.75
5
5
4.88420726933756
5
5
5
5
5
5
5
5
5
5
5
5
4.89130434782609
5
4.79575340230393
5
4.66537714630754
4.80843783735886
4.80769230769231
4.72222222222222
5
5
5
5
4.76583757562212
4.91236987044254
5
4.9049346471651
5
5
5
4.21837175418578
5
4.77272727272727
4.375
4.77272727272727
5
4.75
5
5
5
5
5
5
5
4.5
4.875
4.78233253548432
5
5
5
5
5
5
5
4.75
4.82142857142857
5
4.54490396395961
5
4.5
4.79166666666667
4.80504066263593
5
5
4.81335416557739
4.90134738877519
5
5
5
5
5
5
5
5
5
4.64907319274467
4.87099273916756
5
4.72222222222222
4.875
4.84263953665659
4.6263715760356
5
4.66626906010413
4.75605634306083
5
5
4.84375
5
4.81941908337241
4.6875
5
5
4.8636692396662
4.83878073541612
4.76066613125226
5
4.74025276423888
5
4.61445012427732
4.90950564965757
4.67774700928249
5
4.66245077735873
4.6722949358492
4.80817603553906
3.8755112469314
4.64285714285714
5
4.75
4.77401367392239
5
4.75
4.75322457776844
5
4.80769230769231
5
5
4.72222222222222
4.85523780876888
4.77157105059112
5
5
4.90384615384615
5
5
4.83550882083905
4.90039859456426
5
5
4.16666666666667
5
5
5
5
5
4.73170576334133
5
5
4.58333333333333
5
4.6875
4.57273350047479
4.77272727272727
5
4.64285714285714
4.43188224681045
4.16666666666667
4.63622300838685
4.16666666666667
5
4.5
4.79166666666667
5
4.70505411672422
4.76618303514008
5
5
5
4.72444770907091
5
5
5
5
5
4.72378315081356
5
5
4.58547084712356
5
5
4.75
4.375
4.25664190257002
4.64285714285714
5
5
4.57821611947628
4.16666666666667
5
4.58149678518985
4.43278858309978
5
5
4.90353505360394
5
4.734375
4.5
5
5
5
5
5
5
5
4.80230355892973
5
5
4.29115688832539
4.64285714285714
4.5
5
5
5
5
4.6875
4.47390498937135
4.6875
5
4.58333333333333
4.80769230769231
4.62138806059592
4.375
4.673703157477
5
5
4.94400373183698
5
4.63321489666899
5
4.56176209871968
4.79166666666667
4.58333333333333
4.88636363636364
5
4.79166666666667
5
5
5
5
4.58333333333333
4.86111111111111
4.78797101231193
5
4.75638672392866
5
5
4.72222222222222
5
5
5
4.58333333333333
5
5
4.80681818181818
5
5
5
5
4.58333333333333
4.72020998469192
4.75
4.83333333333333
5
4.64285714285714
4.67185926429552
5
5
4.6875
4.58333333333333
4.84375
4.64285714285714
5
4.79724224480618
5
5
4.86290359447506
4.683071827729
4.82678034528239
5
5
5
5
5
5
5
5
5
4.82274643221868
5
5
4.6875
5
4.64610227169404
4.90413614420997
5
5
4.79166666666667
4.79462641413222
4.55142815828557
4.76714948711837
4.60164882518935
4.62716449553052
4.8755010721737
4.72039380873924
5
5
4.80763426010353
4.79040556136893
4.5
5
5
4.90384615384615
4.76465364595822
4.56969714066148
4.71594553955708
4.86383560153595
5
5
4.72591659300675
4.64943004350965
4.6875
4.734375
5
4.80678686018804
5
4.58333333333333
4.375
4.77272727272727
5
5
4.68799434499039
4.6991320623695
5
4.79166666666667
5
5
4.64285714285714
5
5
4.83368399341317
4.5
5
4.75
5
5
5
5
4.67548834477604
5
5
4.5
4.64285714285714
4.58333333333333
5
5
4.6875
5
5
4.6875
4.58333333333333
4.58333333333333
5
5
4.64285714285714
5
4.375
4.62589285622412
4.53969555319355
4.75549484583336
4.5
4.77272727272727
4.16666666666667
4.6875
4.16666666666667
5
4.5
4.80757486743442
4.5
4.375
5
4.74027859006381
4.91831819165355
4.79166666666667
4.85801151357799
5
4.71767963439606
4.91071428571429
4.59762037499457
4.78311382670735
4.47739199079445
4.6875
5
4.81458673618247
5
5
5
5
4.79166666666667
4.83891913059008
5
5
5
5
4.72213904632579
4.79166666666667
4.79166666666667
4.9
5
4.84375
4.83333333333333
3.75
5
4.62727791593892
5
5
5
4.67867953739867
4.91625848910226
4.8900889996374
4.89130434782609
5
4.91071428571429
5
4.77758131301672
4.75530154225817
4.63735581282503
4.65250379980678
4.88361096607861
4.9387586097251
4.82303409891969
4.70012787443792
5
5
4.79497028721104
5
5
4.86932009653868
4.70989964018758
5
4.16666666666667
4.82176617799222
4.85294117647059
4.77272727272727
4.80769230769231
5
4.5
5
5
4.58951542033571
5
5
5
5
5
5
5
4.760655796145
5
4.59267222297957
5
4.8099201404199
5
4.5
5
4.42823477200584
5
4.72222222222222
5
5
4.85833333333333
4.7875
4.90471453289588
4.80769230769231
5
5
4.72222222222222
5
4.89583333333333
4.5
5
5
4.63451368094578
5
4.75
5
5
5
5
5
5
5
5
5
5
4.88636363636364
4.83935516812158
4.88095238095238
4.87521035232647
4.91040100648013
5
4.6875
4.90509491003744
4.86842105263158
4.75598745613389
4.875
4.77516429992584
4.83333333333333
4.84375
4.58333333333333
4.72222222222222
4.95381819465197
5
4.93036622702377
4.86842105263158
4.84375
5
4.90384615384615
5
4.85474803408925
4.82142857142857
4.875
5
5
4.84941975922167
5
4.75
5
5
5
4.80769230769231
5
5
5
5
4.89583333333333
4.78240272230019
4.79166666666667
5
4.44714078209545
4.6875
5
5
5
5
5
5
5
5
5
5
4.72222222222222
5
5
4.16666666666667
5
5
5
5
5
4.23247521588089
5
5
5
5
5
4.69216191803046
5
5
5
5
4.16666666666667
5
4.16666666666667
5
5
4.54876018741523
5
5
5
5
4.83140090800987
5
3.75
4.39928724499238
5
5
5
5
5
5
5
4.60577801985182
5
4.55434031850091
5
4.71633552578707
5
5
5
5
5
5
5
5
5
5
5
4.16148827709794
5
5
5
5
5
5
5
5
5
5
5
5
5
5
5
5
5
3.75
4.64743199752908
5
5
5
5
5
5
5
5
4.64285714285714
4.64285714285714
5
4.16666666666667
5
4.6875
4.6875
5
5
5
4.83333333333333
5
5
5
5
4.77272727272727
5
5
5
5
4.72222222222222
4.91666666666667
4.90081623439221
5
5
5
5
4.83333333333333
5
4.80184843864856
4.77654056344171
5
4.72222222222222
5
3.75
4.90519995067154
5
5
4.58333333333333
5
5
4.44614056774423
4.89717636246546
5
5
5
5
5
5
4.375
4.38968316498206
5
4.89014631573492
5
5
5
4.75
5
4.84375
5
5
4.92132695361215
5
4.83480961840484
4.6875
4.64285714285714
4.90606772669345
4.76943746657392
4.79865009783692
5
5
4.6875
5
5
5
5
4.71274577218929
5
5
4.6875
5
4.86111111111111
4.55451694280147
5
4.85294117647059
4.9184723315084
5
5
4.5
4.09745097808462
4.83333333333333
4.86225811163843
4.68264262029265
5
4.73707635685763
5
4.58333333333333
4.82802673168796
5
5
5
3.97848416610383
4.58333333333333
5
4.93215607701141
5
5
4.00112629144754
4.8946941745698
5
5
4.91750322485749
5
5
5
4.36538792949834
4.9360022272479
5
5
5
4.5
5
4.41137068000062
4.61611049055489
5
5
3.75
5
5
5
5
5
5
5
5
5
4.16666666666667
5
4.54501790862025
5
3.83585288214353
5
5
4.62797688343851
5
4.79166666666667
4.22167878626162
5
5
5
4.62305313590968
5
5
4.7569230226391
5
5
5
5
5
4.75
5
5
5
4.60998115521734
5
5
5
5
5
4.80769230769231
5
5
5
4.75605634306083
4.5423410842735
5
5
4.70107431334783
5
4.61151646878657
5
4.83289004575905
4.7890237386137
5
5
5
4.83235898271987
5
4.86517695496622
4.91666666666667
4.88095238095238
4.86842105263158
4.75
4.90106880407357
4.85294117647059
4.79166666666667
4.84375
5
4.72481966938947
4.94791666666667
4.9
5
4.71216346956957
5
4.77272727272727
4.87502944533192
5
5
5
4.72222222222222
4.58333333333333
5
5
4.85756893301355
4.6875
4.84375
5
4.375
4.79166666666667
3.75
4.58333333333333
4.84375
4.84375
5
4.73054231939379
4.71016246093977
4.87608657956633
4.82630938265999
4.58864978430611
4.77011081201604
4.86111111111111
4.6875
5
4.72222222222222
4.80681818181818
4.80769230769231
4.75
4.77272727272727
4.79166666666667
4.89583333333333
4.86842105263158
4.8488993738833
5
5
5
5
5
5
4.64285714285714
5
5
4.86383560153595
4.77272727272727
4.86842105263158
4.85294117647059
5
4.83333333333333
4.72222222222222
4.75
4.86111111111111
4.88636363636364
4.77272727272727
4.79166666666667
4.75
4.375
4.86111111111111
4.71256200082416
4.6830686045299
4.81602567873082
5
5
4.875
4.85294117647059
4.87985000091491
4.73780912127256
4.79166666666667
4.80769230769231
4.94318181818182
4.94047619047619
5
4.64285714285714
5
4.84375
4.79166666666667
5
4.84375
5
4.64285714285714
5
5
4.72222222222222
5
4.80769230769231
5
4.87046750136665
5
4.77272727272727
4.84375
5
5
4.87399361647562
4.86438964444905
4.875
5
4.93243243243243
5
5
4.91666666666667
4.93055555555556
4.77297671639738
5
4.79166666666667
5
5
4.87107595239197
4.72222222222222
4.88039998127606
4.90081623439221
5
5
5
5
4.88001274719498
5
5
4.77654056344171
5
4.72222222222222
5
5
4.90519995067154
5
5
5
5
5
5
4.89717636246546
5
5
5
4.89583333333333
5
3.82674472345234
5
4.16666666666667
5
4.86111111111111
5
4.29166666666667
5
5
5
5
5
5
4.92132695361215
5
4.77272727272727
4.6875
5
4.875
4.76943746657392
4.64285714285714
5
5
5
5
5
5
5
4.71274577218929
5
5
4.6875
5
4.86111111111111
4.55451694280147
5
4.85294117647059
4.84230536916428
5
4.16666666666667
5
4.09745097808462
4.83333333333333
5
4.68264262029265
5
4.73707635685763
5
4.70102114796793
4.93421052631579
5
5
5
3.97848416610383
4.58333333333333
5
4.93215607701141
5
5
4.00112629144754
4.8946941745698
5
5
5
4.7805233365028
5
5
5
4.9360022272479
5
5
5
5
5
4.41137068000062
5
5
5
5
5
5
5
5
5
5
5
5
5
5
5
5
5
3.83585288214353
5
5
4.62797688343851
5
4.79166666666667
4.16666666666667
5
4.80681818181818
5
5
4.875
5
4.16666666666667
4.40339756756942
5
5
5
5
4.85294117647059
4.79166666666667
5
4.84375
4.80769230769231
4.73933891462208
4.77272727272727
4.84375
5
5
4.88418762316582
5
5
4.88095238095238
4.82142857142857
5
5
4.82142857142857
5
4.81040509639431
4.77272727272727
4.80769230769231
5
5
4.74569633098512
5
5
5
4.91935483870968
4.93589743589744
4.93243243243243
4.875
4.96682713562244
4.72222222222222
5
4.84375
4.64285714285714
5
4.875
4.64285714285714
5
4.89583333333333
5
5
4.79166666666667
5
4.56118342201944
5
5
5
4.67287490964631
5
5
5
5
5
5
5
5
5
5
5
5
5
5
5
5
5
5
4.27107510078537
5
5
4.84228959208573
5
4.93421052631579
5
5
5
5
4.87390699528024
5
5
5
5
5
5
5
5
5
5
5
5
5
4.6875
4.83815747732131
5
5
5
4.75
4.5
5
4.80632718110357
4.91071428571429
4.921875
5
4.79041694102577
4.375
4.66651267748295
5
4.855714581366
4.84284102987061
5
4.91111187485911
5
4.89583333333333
3.75
4.5
5
5
4.78559534042731
5
5
4.89186973083735
4.75
4.83333333333333
4.84039149207437
5
5
5
4.83333333333333
4.77002518040729
4.375
5
5
5
5
5
4.64285714285714
4.8514570198574
4.82598707786358
5
5
5
5
5
5
4.875
5
5
4.5
4.77272727272727
5
5
5
4.80459690785338
5
5
5
5
4.80391844326719
4.86538707316364
5
4.88636363636364
3.6592691268636
4.83333333333333
5
5
5
5
5
4.72222222222222
5
4.5937660283119
5
4.93423109083366
4.86111111111111
5
4.93087068933789
5
4.94318181818182
5
5
5
4.60988475287111
5
5
5
5
5
4.42723511875411
4.375
4.375
5
5
4.65438876759261
4.6905611300857
5
4.75
4.8111938627488
5
4.86154893522491
5
5
4.16666666666667
4.58128480741678
4.6875
5
4.79166666666667
5
4.73822285663797
4.72222222222222
4.58333333333333
4.63863462710414
5
5
5
5
5
5
4.89583333333333
5
4.75
4.86655382996988
5
5
5
5
5
4.64285714285714
5
4.83814598874535
5
5
4.375
5
4.72222222222222
4.6875
5
4.79166666666667
5
4.1447014908596
5
5
5
4.76840603922974
4.86842105263158
5
4.86111111111111
4.58333333333333
5
5
5
5
5
4.92647058823529
5
5
4.68616263144734
5
4.58333333333333
4.24052663247579
5
5
5
4.58333333333333
5
5
4.37813338492997
5
5
5
4.55913783421397
5
4.6875
4.82142857142857
4.58333333333333
5
5
5
3.93093645165286
4.79774447600903
5
4.921875
5
4.32755392969891
5
4.578125
5
5
4.64285714285714
5
5
5
5
4.73319717219122
4.82305660100608
5
5
5
4.60998115521734
5
5
5
4.81219511134289
5
4.80769230769231
5
5
5
4.75605634306083
5
4.58333333333333
4.63874359732855
4.70107431334783
5
4.61151646878657
4.23937315554078
5
4.7890237386137
5
5
5
4.83235898271987
5
4.82161829223212
5
5
5
5
5
4.90123443093081
5
4.72180420888102
4.76537289485974
4.86312159961975
5
5
5
4.89146159795958
4.83883991614161
5
5
5
5
5
4.75
5
5
4.91666666666667
4.64285714285714
5
4.83333333333333
5
4.91722397983554
4.16666666666667
4.75
5
4.84540863838241
5
4.85294117647059
5
5
4.79166666666667
5
4.82143945405949
4.85790592750691
4.60457448427329
5
4.82291666666667
5
4.94152207687601
5
4.80974915600665
5
4.62654824914387
5
5
4.16666666666667
5
5
4.86111111111111
5
4.92391656116979
5
4.84375
5
5
5
5
5
5
4.80246368285386
5
5
5
5
5
5
5
5
5
4.76792084756427
5
5
5
5
5
4.86111111111111
4.91818638629485
4.5865017530548
4.16666666666667
4.84375
4.88442288794266
4.16666666666667
4.6875
5
4.78796483146034
5
4.53318531142983
5
4.58333333333333
5
5
4.88636363636364
4.875
5
4.77272727272727
5
4.58333333333333
4.77272727272727
5
5
4.89692234578397
4.88334679991202
4.64285714285714
5
4.75
4.5
4.80769230769231
5
5
5
4.83653846153846
5
5
4.72222222222222
4.85161946735917
4.79166666666667
5
5
4.86842105263158
4.90740740740741
4.82519261033997
5
4.79444722414
4.85294117647059
4.875
4.84375
5
4.64285714285714
5
5
5
5
4.71067013712751
5
4.88095238095238
4.75
4.58333333333333
4.79291121399135
5
4.90015761986089
4.65095188212811
5
5
5
4.58333333333333
5
4.7591531085404
5
4.92424242424242
4.93310873569826
5
5
4.71718737667304
4.86469823317883
5
4.74182003512314
4.58333333333333
5
5
4.75
4.78286124682371
4.5
5
5
5
4.84375
5
4.83333333333333
4.16666666666667
4.82142857142857
5
5
4.58333333333333
5
4.375
5
4.79166666666667
5
4.83333333333333
4.875
5
5
4.86111111111111
4.84375
5
5
4.63538759249848
5
5
4.80054411854654
5
5
4.85294117647059
4.87982906277295
5
4.72222222222222
5
5
5
5
3.92131230752079
5
5
5
4.72222222222222
5
5
5
5
5
5
5
4.375
5
5
5
5
5
5
5
4.79538999209907
5
4.16666666666667
5
4.43165485565327
5
4.81155864900975
5
4.62988783174027
5
5
5
5
4.16666666666667
5
4.375
5
5
5
4.19602630341818
5
5
5
5
5
4.6875
5
5
5
5
4.67850751825539
4.55751857437184
4.79809699583907
5
5
5
4.82051326699203
5
5
5
5
5
5
5
4.77272727272727
4.45840264532406
5
5
4.81004097364846
5
5
5
4.375
4.72178280937877
4.16666666666667
4.6875
5
5
5
5
5
4.16100729154471
5
5
5
5
4.24880787491344
5
5
5
5
4.85833333333333
5
4.57729620257841
4.79166666666667
4.6875
4.08115201275165
4.49024268866784
4.80408898098372
4.86842105263158
5
5
4.86263848514035
5
4.91128789554822
5
5
4.72222222222222
4.5443646839632
4.81556798543642
5
5
5
5
5
5
4.7347674201529
5
5
5
5
4.375
4.74346626855388
5
5
4.84821428571429
4.75
4.88480925508772
4.80844738887177
4.84595419810086
5
5
4.76114630378441
4.5
5
4.87251493756669
5
5
4.47562617761928
4.85294117647059
5
5
5
4.76824292109139
5
5
5
5
3.75
4.72222222222222
4.5
4.60712185897498
4.79072300393394
4.59356380607769
3.75
3.75
5
5
4.14187217768118
5
5
5
4.77211960819108
5
4.82161369327955
4.54665971773877
5
5
4.375
4.90944789317167
4.5
5
5
4.64285714285714
5
4.84942219920826
4.46875
4.20665883794907
5
5
4.76606951111743
5
5
4.375
4.72501996327489
4.79935355425116
5
4.79166666666667
4.5
5
5
5
4.77806179328447
5
4.375
5
4.35158762453865
5
5
4.51242809069292
5
4.84067683860167
4.89860592160413
4.44881231355071
5
5
5
5
5
5
4.9375
5
5
4.79166666666667
5
4.86029439950864
5
4.85294117647059
4.83333333333333
4.77272727272727
5
5
5
5
4.41006031174352
4.84350601954983
5
5
5
5
5
5
5
4.5
4.17805638876922
4.6875
5
5
5
5
5
5
5
5
5
5
5
5
5
5
5
5
5
5
5
3.75
4.63321489666899
4.6179017293208
5
5
5
5
5
4.86111111111111
5
5
5
5
4.72222222222222
4.87514701809041
5
4.58333333333333
4.64285714285714
4.76754912913152
5
5
5
5
5
5
5
5
5
5
5
5
4.47035832241535
5
5
4.28387385331923
5
5
5
5
5
5
4.77966685366966
4.64285714285714
4.73835080953073
5
4.375
5
5
5
5
4.5
4.2612881081721
5
5
5
4.375
5
3.75
4.79910735338652
5
5
5
5
4.6875
5
5
5
5
5
5
5
5
4.375
5
4.65025610924373
4.65600851666412
4.58333333333333
4.3852271011373
5
5
4.83426880595715
4.79889532010306
4.62564274885173
5
5
4.5
5
4.72399774216621
4.77272727272727
5
4.6648936735084
4.82333951163463
5
5
3.75
5
5
5
5
4.83673677384897
4.56747024107706
5
4.375
5
4.07903611060493
5
5
3.7564334637833
5
5
5
5
5
5
4.86111111111111
4.64285714285714
5
5
4.6875
5
5
5
5
5
5
4.83205472152197
5
4.76110005208664
5
5
5
5
4.58333333333333
4.19853685655135
5
5
5
5
5
4.6954327114122
5
5
5
5
5
5
5
5
4.75
4.75
5
5
5
5
4.25192803929107
4.64285714285714
5
5
5
5
5
5
5
5
4.84375
4.83333333333333
5
4.81155409689355
4.77272727272727
4.82142857142857
5
5
4.81857168794502
4.86111111111111
5
5
4.92301823114626
4.84375
5
5
5
5
5
5
4.80177677990262
5
4.85635998930657
3.75
5
5
4.77272727272727
5
5
4.80681818181818
5
5
4.75
5
5
5
4.68646400616928
4.8333547068263
4.375
5
4.83343082949713
5
4.82142857142857
4.85971613431457
5
4.84375
5
3.97784924852446
5
5
4.81079724174351
5
5
5
5
5
5
5
5
5
4.58333333333333
5
4.08762836758093
5
5
5
4.58333333333333
5
5
5
5
5
5
5
5
4.79166666666667
4.52259701700298
5
5
4.90241056536091
4.82619838262966
4.86111111111111
5
4.88636363636364
5
5
4.58333333333333
5
5
5
5
4.76383870600652
5
5
5
4.75
4.64285714285714
4.78073156164024
5
5
5
5
5
5
5
4.85294117647059
4.04376197253018
3.75
5
5
4.875
4.85294117647059
4.79166666666667
5
4.79166666666667
4.80769230769231
4.88636363636364
4.94047619047619
5
4.64285714285714
5
5
4.79166666666667
5
4.84375
5
5
5
5
4.72222222222222
4.50918666013532
5
5
4.87046750136665
5
4.77272727272727
4.84375
5
5
4.87399361647562
4.86438964444905
4.875
4.90644036629343
4.93243243243243
5
5
4.91666666666667
4.93055555555556
4.6875
5
4.79166666666667
0.50903658495556
4.65466446872278
4.8886514842025
5
5
4.86842105263158
4.85294117647059
4.88600720447107
4.86842105263158
4.79447648398308
4.58333333333333
4.53521920889291
5
4.875
4.83366672633308
4.74345747577061
5
5
5
4.9115888943102
4.875
5
5
5
4.64285714285714
5
4.96323529411765
4.93101017513814
4.88699332010137
5
4.86111111111111
4.9
4.92881455887596
5
5
4.93055555555556
5
4.88501982333903
5
4.90795378890862
5
4.5
4.72222222222222
4.84338330390336
5
5
5
5
4.72222222222222
5
4.90038500300447
5
4.89645007085315
4.73880253881517
4.89697763283481
5
4.47126317466354
5
5
5
4.64285714285714
4.72222222222222
5
5
5
4.86111111111111
5
4.86111111111111
4.38886671053077
5
4.79813410152426
4.85294117647059
4.82142857142857
5
5
4.75
4.83312448769456
4.58333333333333
4.89583333333333
4.88095238095238
5
4.85294117647059
5
4.89130434782609
5
5
4.5
5
5
4.82119113632662
4.79446272802697
5
4.76388888888889
5
5
5
5
4.5
4.375
4.82142857142857
4.60191806838758
5
5
4.53590771029619
5
4.87469216187422
5
4.8564059509012
4.64583333333333
5
4.76657531691878
5
4.77024384695089
4.82678034528239
5
5
4.89701253442886
4.72438427724268
4.8514570198574
5
4.5
5
3.94076069519434
5
5
5
5
4.81270378808129
5
5
5
5
5
5
5
5
5
4.75464024581619
5
5
5
5
5
4.68102726468386
5
5
5
5
5
5
5
5
5
4.875
4.85294117647059
4.79166666666667
4.73780912127256
4.79166666666667
4.80769230769231
4.94318181818182
4.94047619047619
5
4.64285714285714
5
4.84375
4.79166666666667
5
4.84375
4.95192307692308
4.64285714285714
5
4.89583333333333
5
5
4.80769230769231
4.77272727272727
5
5
4.77272727272727
4.84375
5
5
4.85294117647059
4.86438964444905
4.875
4.86111111111111
4.93243243243243
5
5
4.91666666666667
4.93055555555556
4.77297671639738
5
4.79166666666667
5
4.90111669039043
4.84375
4.16666666666667
4.77272727272727
5
4.80808719517603
4.87647377985817
4.77272727272727
4.79510307156737
5
5
4.84236244045264
4.86152295725895
4.79150254920897
4.5
4.58333333333333
5
5
5
5
5
5
5
4.82394148511666
5
5
5
5
5
5
5
4.87594177527424
5
5
4.84821428571429
5
5
4.16666666666667
5
5
5
5
5
5
5
5
4.435230447472
5
5
5
5
4.72057190530022
4.77272727272727
5
4.54789553604284
4.75
4.85309188229844
4.89470195470468
4.79166666666667
5
5
5
5
4.89002190296882
5
4.81581446235542
4.64285714285714
4.6875
5
5
5
4.85459391840373
4.68089576312169
4.6875
4.64285714285714
4.86111111111111
5
5
5
5
5
5
5
5
5
5
5
5
5
5
5
5
5
5
5
5
4.58333333333333
4.89407595541348
4.82142857142857
5
5
5
5
5
5
5
5
5
5
5
5
5
5
5
5
5
5
5
5
5
5
5
5
5
5
4.68049760393435
4.84375
4.89218743783658
4.84375
5
4.84375
5
5
4.88584949360399
4.85123502108044
4.81455652018043
5
5
5
4.6947917143153
5
4.64285714285714
5
5
5
4.81887451669507
5
5
5
5
5
4.75
4.85720459771606
4.8179539775736
5
5
5
4.87032175110364
4.85097248143758
4.6875
4.77272727272727
5
4.84375
4.6875
4.89583333333333
5
4.64635656020386
5
4.75
5
4.64285714285714
5
5
4.16666666666667
4.40339756756942
5
5
5
4.90740740740741
4.85294117647059
5
5
4.88229609196179
4.80769230769231
5
4.77272727272727
5
4.8418213629489
5
4.83333333333333
5
5
4.88095238095238
4.86634097670058
4.64285714285714
5
5
5
4.81040509639431
4.77272727272727
4.80769230769231
5
5
4.74569633098512
5
4.94318181818182
5
4.91935483870968
4.93589743589744
4.93243243243243
4.875
4.96682713562244
5
5
4.84375
4.64285714285714
5
5
4.64285714285714
5
4.89583333333333
5
4.86517695496622
4.91666666666667
4.93361907188573
4.86842105263158
4.75
4.86842105263158
4.78227775002196
4.84209898032089
4.84375
5
4.82142857142857
4.92861523048003
4.90114922594748
5
4.71216346956957
5
4.88636363636364
4.87502944533192
5
4.86166768062018
5
4.72222222222222
4.58333333333333
5
5
4.68340112860693
4.6875
4.84375
5
4.375
4.79166666666667
4.03619051514877
4.58333333333333
4.84375
4.84375
5
4.73054231939379
4.71016246093977
4.86728962853255
4.82630938265999
4.58864978430611
4.82344437815091
4.86111111111111
4.6875
4.77272727272727
4.72222222222222
4.77272727272727
4.87509359854862
4.75
4.77272727272727
4.79166666666667
4.89583333333333
4.93421052631579
4.8488993738833
5
5
5
5
5
5
4.64285714285714
5
5
4.86383560153595
4.77272727272727
4.86842105263158
4.85294117647059
5
4.83333333333333
4.72222222222222
4.75
4.86111111111111
4.88636363636364
4.77272727272727
4.79166666666667
4.75
4.375
4.86111111111111
4.71256200082416
4.6830686045299
4.81602567873082
4.58333333333333
5
5
5
5
5
5
5
5
5
4.52259701700298
5
5
4.90241056536091
4.82619838262966
4.86111111111111
5
4.91641282547353
5
5
4.58333333333333
5
5
4.90740740740741
4.6875
4.76383870600652
5
5
5
5
5
4.78073156164024
5
4.72222222222222
5
5
5
4.58333333333333
5
5
4.04376197253018
5
5
5
5
5
5
5
5
4.85719276533904
4.52624992409985
4.70630083588556
5
5
4.90736533670611
5
5
5
5
5
5
5
4.0524998481997
5
5
5
5
5
5
5
5
4.48417894119726
4.92706520757589
5
4.6875
5
5
4.80596555277932
4.58333333333333
5
5
5
5
5
5
5
5
5
5
5
5
5
5
5
5
5
5
5
5
5
5
5
5
5
5
3.87491655458547
5
5
5
5
5
5
5
5
4.22889603355134
5
5
4.80681818181818
5
5
5
4.64285714285714
5
5
5
5
4.375
5
3.75
4.59066001503489
5
5
5
4.8671875
4.79166666666667
4.79166666666667
4.72222222222222
4.84375
5
4.86287146358322
5
4.77272727272727
5
4.0125
4.77272727272727
5
4.921875
5
5
3.55619401206081
5
5
4.78326140193067
4.91634235618395
5
5
4.88095238095238
5
5
5
4.375
5
4.58333333333333
4.375
4.84645267910975
5
5
5
4.25102492649455
3.75072949725189
4.86993170681162
4.78300895983183
4.83333333333333
4.81906190382212
5
4.72222222222222
5
5
5
5
5
5
5
5
5
5
5
4.78377543055148
4.5
4.70526574907938
4.16666666666667
4.81686407601153
5
4.77272727272727
4.87513989088802
5
5
5
5
5
5
3.84405612643148
5
5
5
5
5
5
5
4.80769230769231
4.89130434782609
4.84899712716673
4.76839247001982
4.375
5
4.79166666666667
5
5
5
5
4.72222222222222
4.58333333333333
5
5
5
5
5
4.24595558465891
5
5
4.48014724237814
3.75
5
4.375
5
4.79166666666667
4.29363140349727
4.5
4.79166666666667
4.91621948899594
5
4.72222222222222
4.86111111111111
5
4.80821632153227
5
5
5
5
4.80769230769231
5
5
5
4.40138492566222
4.6875
5
4.16666666666667
5
5
5
5
4.88095238095238
5
5
4.58333333333333
4.5
4.58333333333333
5
4.82142857142857
5
4.76920139909709
5
5
5
5
5
5
5
5
5
5
5
5
5
5
5
4.74583787988507
5
5
4.40637149537806
5
4.58333333333333
4.6875
4.64285714285714
5
5
4.375
5
5
5
5
5
5
5
4.67385217885113
5
5
5
5
4.44714078209545
5
5
5
5
5
5
5
5
5
5
5
5
4.5
5
4.16666666666667
5
5
5
5
5
4.375
5
5
5
5
5
4.69451065500634
5
5
5
5
4.16666666666667
5
5
5
5
5
5
5
5
5
4.75
5
5
5
5
5
5
5
5
5
5
5
3.75
4.55434031850091
5
4.71633552578707
5
5
5
5
5
5
5
5
5
5
5
4.16148827709794
5
5
5
5
5
5
5
5
5
5
3.75
5
5
5
5
5
5
3.75
5
5
5
5
5
5
5
5
5
5
5
5
5
5
5
4.6875
5
5
5
4.90428604355149
5
5
4.21762731214501
5
4.77272727272727
5
5
4.65466446872278
4.8886514842025
4.94318181818182
5
4.86842105263158
5
4.92844633838077
4.89509960617782
4.72222222222222
4.58333333333333
5
5
5
4.86159959526692
4.74345747577061
5
4.6788288633041
5
4.9115888943102
5
5
5
5
5
5
4.96323529411765
4.93101017513814
4.95130223563696
5
4.86111111111111
4.9
4.92881455887596
5
5
4.93055555555556
5
5
5
4.90795378890862
5
5
4.84012527294923
4.90327917317297
5
5
5
5
4.72222222222222
5
4.90038500300447
5
4.85294117647059
4.73880253881517
4.89697763283481
5
5
4.89583333333333
4.79166666666667
5
4.64285714285714
4.72222222222222
5
4.81256842004146
4.82291666666667
4.86111111111111
5
4.86111111111111
4.38886671053077
5
5
5
4.82142857142857
5
5
4.75
4.83312448769456
4.73408893473901
4.89583333333333
4.88095238095238
5
4.85294117647059
5
4.89130434782609
5
5
4.66539911905695
5
4.64285714285714
4.82119113632662
4.79446272802697
5
4.80485310775241
5
5
5
5
4.5
4.54819346702468
4.82142857142857
4.60191806838758
4.5
5
4.53590771029619
5
5
5
4.91666666666667
4.88095238095238
4.86842105263158
4.75
4.86842105263158
4.75715006630685
4.79166666666667
4.84375
5
4.72481966938947
4.94791666666667
4.9
5
4.71216346956957
5
4.77272727272727
4.87502944533192
4.86666704971581
5
5
4.72222222222222
4.58333333333333
5
5
4.68340112860693
4.56467655183453
4.84375
5
4.375
4.70559312469543
4.03619051514877
5
4.84375
4.84375
5
4.73054231939379
4.71016246093977
4.87608657956633
4.82630938265999
4.58864978430611
4.7934362766544
4.86111111111111
5
4.77272727272727
4.72222222222222
4.80681818181818
4.80769230769231
4.75
5
4.79166666666667
4.89583333333333
5
4.8488993738833
4.58333333333333
5
5
5
5
5
4.64285714285714
5
5
4.86383560153595
4.77272727272727
4.86842105263158
4.85294117647059
5
4.87940352107294
4.72222222222222
4.75
4.86111111111111
4.88636363636364
4.77272727272727
4.79166666666667
4.75
4.375
4.86111111111111
4.71256200082416
4.6830686045299
4.75
5
5
5
5
5
4.6875
5
5
5
5
5
5
4.77272727272727
5
5
5
5
5
5
5
5
5
4.77252461050719
5
5
5
5
5
4.6875
3.75
3.75
5
5
4.72222222222222
5
5
4.77304538533559
5
4.83518951753532
5
4.60445641271874
4.84988064513607
5
5
5
5
5
5
5
5
5
5
5
5
5
5
5
3.75
3.92814308427753
5
5
5
3.75
4.45770172026776
5
5
5
5
5
5
4.6875
5
5
5
5
3.9375
5
4.31179431422898
3.75
5
5
5
5
5
4.61537382047137
5
5
5
5
5
5
5
4.07864563270581
5
5
5
5
5
4.46719617443152
5
5
5
5
5
5
5
5
5
5
5
5
5
5
5
4.72222222222222
5
4.85051825528577
5
5
5
5
5
5
5
5
4.21241851335259
5
5
5
4.84375
5
4.77272727272727
5
5
4.87647377985817
4.77272727272727
4.79510307156737
5
5
4.84236244045264
4.86152295725895
4.79150254920897
5
4.58333333333333
5
5
5
5
5
5
5
4.82394148511666
5
5
5
5
5
5
5
4.87594177527424
5
5
4.80769230769231
5
5
4.16666666666667
5
5
5
5
5
4.60671122523613
5
5
4.435230447472
5
5
5
4.79066072350729
4.72057190530022
4.77272727272727
5
5
5
5
5
4.79166666666667
5
5
5
5
4.89002190296882
5
4.81581446235542
4.64285714285714
5
4.77272727272727
4.79166666666667
5
4.85459391840373
5
5
4.64285714285714
5
5
4.84375
5
5
5
5
5
5
5
5
5
5
5
5
5
5
5
5
5
5
4.58333333333333
4.89407595541348
4.82142857142857
4.77272727272727
5
5
5
5
5
5
5
5
5
5
5
5
5
5
5
5
5
5
5
5
5
5
5
5
5
4.68049760393435
5
4.89218743783658
4.84375
5
4.84375
4.58333333333333
5
4.82142857142857
4.85123502108044
4.81455652018043
4.375
5
5
4.6947917143153
5
4.64285714285714
5
5
5
4.81887451669507
5
5
5
5
5
4.83709372143431
4.85720459771606
4.8179539775736
5
5
5
4.87032175110364
4.85097248143758
4.6875
4.77272727272727
4.852412639114
4.84375
4.6875
4.89583333333333
5
4.64635656020386
5
5
5
4.84375
4.16666666666667
4.77272727272727
5
5
4.87647377985817
4.77272727272727
4.79510307156737
5
5
4.84236244045264
4.86152295725895
4.79150254920897
4.5
4.58333333333333
5
5
5
5
5
5
5
4.82394148511666
5
5
5
5
5
5
5
4.87594177527424
5
5
4.80769230769231
5
5
4.16666666666667
5
5
5
5
5
5
5
5
4.435230447472
5
5
5
5
4.72057190530022
4.77272727272727
5
4.72222222222222
5
5
4.89470195470468
4.79166666666667
5
5
5
5
4.89002190296882
5
4.81581446235542
4.64285714285714
4.6875
5
5
4.16666666666667
4.85459391840373
4.82606573912306
5
4.64285714285714
4.86111111111111
4.63476189368169
4.84375
5
5
5
5
5
5
5
5
5
5
5
5
5
5
5
5
5
5
4.58333333333333
4.89407595541348
4.82142857142857
4.77272727272727
5
5
5
5
5
5
5
5
5
5
5
5
5
5
5
5
5
5
5
5
5
5
5
5
5
4.68049760393435
4.84375
4.89218743783658
4.84375
5
4.92739357191651
5
5
4.88584949360399
4.85123502108044
4.81455652018043
4.375
5
5
4.6947917143153
5
4.64285714285714
5
5
5
4.81887451669507
5
5
5
5
5
4.83709372143431
4.85720459771606
4.8179539775736
5
5
5
4.87032175110364
4.89583333333333
4.80156732912343
4.77272727272727
5
4.84375
4.6875
4.89583333333333
5
4.64635656020386
5
5
4.85597649737893
4.73080417830289
4.74468875952278
4.67228941273256
4.5
5
4.82142857142857
5
5
5
5
5
4.81210707292316
5
4.64285714285714
4.68110144259918
4.80974915600665
5
4.64285714285714
5
5
4.79228231785603
4.74843323689943
4.69146529740868
5
4.50396917791801
5
4.75320793132848
4.6875
5
5
4.64285714285714
5
5
5
5
4.314482991542
5
5
5
4.65812820718531
5
5
4.75
4.6875
5
5
4.80769230769231
4.62531313959728
4.80769230769231
4.86111111111111
4.79166666666667
4.93421052631579
5
4.58333333333333
4.8649198231791
5
4.80769230769231
4.89234937092935
4.83333333333333
5
4.6875
5
4.88269350673705
4.72184632018913
5
4.78199570647236
4.375
4.875
4.77272727272727
4.83854319325523
5
4.6183880625631
5
4.79219717414688
4.72222222222222
4.89130434782609
5
4.79166666666667
4.84375
5
5
5
4.83333333333333
5
5
5
5
4.55943202731498
4.8639531206032
4.82142857142857
4.77272727272727
4.72222222222222
4.80769230769231
4.64284212861989
4.86842105263158
4.375
4.91383812398391
5
4.6875
4.16666666666667
5
5
5
5
5
4.6875
5
4.83333333333333
4.52624992409985
4.70630083588556
4.51685961201235
4.83333333333333
4.75
4.58333333333333
5
5
5
5
5
5
4.0524998481997
5
5
4.78623011514862
5
5
5
5
4.72222222222222
5
4.92706520757589
5
4.7174545868445
4.16666666666667
5
4.72222222222222
5
5
5
4.89583333333333
4.69642857142857
5
5
3.75
5
4.58955726974467
4.6875
5
5
5
4.83333333333333
5
5
5
5
5
5
5
5
5
5
5
4.82142857142857
3.87491655458547
5
4.58333333333333
5
5
4.90489960371533
5
5
5
4.22889603355134
5
5
4.80681818181818
5
5
5
4.64285714285714
5
5
5
5
5
5
3.75
4.59066001503489
5
5
4.85804847180765
4.77272727272727
4.86842105263158
5
5
5
4.75
5
5
4.6875
5
4.64285714285714
5
4.94318181818182
5
5
5
5
5
4.91666666666667
5
5
5
4.92647058823529
5
4.5
4.6875
4.95192307692308
4.16666666666667
4.82530851303349
4.6875
5
5
5
5
4.875
5
5
4.95192307692308
4.89583333333333
4.96875
4.64285714285714
4.84375
4.84375
4.875
5
4.53676410149029
5
5
4.75
5
5
5
5
5
5
5
5
5
5
4.84375
5
4.77808673027719
5
5
5
5
5
5
4.60349114087277
4.82142857142857
4.75
5
4.73317180776956
4.77272727272727
5
5
5
4.85294117647059
5
4.90384615384615
5
4.93639794851061
5
4.92918693320351
5
5
4.66517999929693
5
5
5
5
5
5
4.89130434782609
4.6875
5
5
5
4.75013192989593
5
5
5
5
5
5
5
5
5
5
4.78946800348199
5
5
4.68409671813253
5
5
5
4.86111111111111
5
4.79166666666667
4.85946610679536
4.72222222222222
4.88039998127606
4.90081623439221
5
5
5
5
4.83333333333333
5
4.86842105263158
4.77654056344171
5
4.72222222222222
5
5
4.90519995067154
5
5
5
5
5
4.44614056774423
4.84375
5
5
5
5
5
3.82674472345234
5
4.38968316498206
5
4.89014631573492
5
4.29166666666667
5
5
5
5
5
5
4.92132695361215
5
4.83480961840484
4.6875
5
4.875
4.64285714285714
4.78243404106771
5
5
4.77974615787312
5
5
5
5
4.71274577218929
5
5
4.6875
5
4.86111111111111
4.55451694280147
5
4.85294117647059
5
5
4.16666666666667
4.5
4.09745097808462
5
5
4.68264262029265
5
4.73707635685763
5
4.70102114796793
4.93421052631579
5
5
5
3.97848416610383
4.58333333333333
5
4.93215607701141
5
5
4.00112629144754
4.8946941745698
5
5
4.91750322485749
5
5
5
4.36538792949834
4.88095238095238
5
5
5
4.5
5
4.41137068000062
4.58333333333333
5
5
5
5
5
5
5
5
5
5
5
5
4.16666666666667
5
4.54501790862025
5
3.83585288214353
4.58333333333333
5
4.62797688343851
5
4.79166666666667
4.16666666666667
5
4.80821632153227
5
5
5
5
5
5
5
5
5
4.7669802781852
4.58453770702144
5
5
5
5
5
5
5
5
4.58333333333333
5
5
5
4.82142857142857
5
4.76920139909709
5
5
5
5
5
5
5
5
5
5
5
5
5
5
5
4.58333333333333
4.58333333333333
5
4.61434239786258
5
5
5
5
5
5
5
5
5
5
4.81342921178139
5
5
5
5
5
5
5
4.82161829223212
4.85294117647059
5
4.84375
5
5
4.90123443093081
4.58333333333333
4.4144232988157
4.76537289485974
4.86312159961975
4.7946012409144
5
5
4.89146159795958
4.82830091116166
4.6875
5
5
5
5
4.75
5
4.88095238095238
4.83333333333333
4.64285714285714
5
4.83333333333333
5
4.8358441296541
5
4.75
5
4.84540863838241
5
4.85294117647059
4.72222222222222
4.77272727272727
4.79166666666667
5
4.82143945405949
5
4.60457448427329
5
4.82291666666667
5
4.95689655172414
5
4.80974915600665
4.86842105263158
4.62654824914387
5
5
4.16666666666667
5
5
4.86111111111111
5
4.92391656116979
5
4.88263879028494
4.93408943583693
5
5
5
5
5
4.75
5
5
5
4.64285714285714
5
5
5
5
5
4.73048440229014
5
5
4.375
5
5
4.86111111111111
4.91818638629485
4.5865017530548
4.16666666666667
4.84375
4.88442288794266
4.16666666666667
4.6875
4.2481043823877
4.78796483146034
5
4.62797688343851
5
4.58333333333333
4.75
4.80769230769231
4.88636363636364
5
4.64285714285714
4.77272727272727
5
4.58333333333333
4.77272727272727
5
4.72222222222222
4.89692234578397
4.88334679991202
4.64285714285714
5
5
4.5
4.80769230769231
5
5
5
4.84455780603734
5
4.16666666666667
4.72222222222222
4.85161946735917
5
4.6875
4.83815747732131
5
5
5
5
4.5
5
4.81558505113183
4.88066833528457
4.87083924897104
5
4.72222222222222
5
4.66651267748295
4.64285714285714
4.855714581366
4.84284102987061
5
4.91661957452758
4.58333333333333
4.89583333333333
3.75
4.5
5
4.64285714285714
4.78559534042731
5
5
4.89186973083735
4.75
5
4.80769230769231
5
5
5
4.83333333333333
4.6875
4.375
4.64285714285714
4.79166666666667
5
5
5
4.734375
4.8514570198574
4.82598707786358
4.83333333333333
4.87795021081826
4.91815985710335
5
4.83333333333333
4.86111111111111
4.875
5
5
4.5
4.77272727272727
5
5
5
4.80459690785338
5
5
5
4.375
4.80391844326719
4.82142857142857
5
4.94565217391304
5
4.83333333333333
4.77272727272727
5
5
5
5
5
5
4.5937660283119
5
4.93423109083366
4.86111111111111
4.92394428953418
4.91935483870968
5
4.94318181818182
5
5
5
5
4.16666666666667
4.42055205590014
5
5
5
4.42723511875411
4.375
5
5
5
4.65438876759261
4.6905611300857
5
4.75
4.8111938627488
4.94791666666667
4.82405604910695
5
4.79166666666667
4.16666666666667
4.58128480741678
4.6875
5
4.79166666666667
5
5
4.72222222222222
4.58333333333333
4.63863462710414
5
5
5
5
5
4.87544671064434
5
5
4.80289144610965
4.86655382996988
5
5
4.6875
5
5
4.73512390883209
5
4.78105097160024
5
5
4.375
5
4.72222222222222
4.6875
4.64285714285714
4.79166666666667
5
4.1447014908596
5
5
5
4.82142857142857
4.86842105263158
5
4.86111111111111
4.58333333333333
5
5
5
5
5
4.92647058823529
5
4.72222222222222
4.68616263144734
4.18945840424035
4.58333333333333
4.24052663247579
4.79166666666667
5
5
5
5
5
4.37813338492997
5
5
4.39605746188966
4.55913783421397
5
4.6875
5
4.58333333333333
5
4.64285714285714
5
3.93093645165286
4.72222222222222
5
4.84375
5
0.50903658495556
4.65466446872278
4.86111111111111
4.88378787526235
5
4.86842105263158
5
4.89130434782609
4.86842105263158
4.72222222222222
4.58333333333333
4.53521920889291
5
4.83965395956538
4.83366672633308
5
5
5
5
4.9115888943102
5
4.72222222222222
5
5
4.64285714285714
5
4.96323529411765
5
4.95967741935484
4.85294117647059
4.86111111111111
4.88577160351304
4.92881455887596
5
5
4.76388888888889
5
4.88501982333903
5
4.90795378890862
5
4.5
4.72222222222222
4.84338330390336
4.6875
5
5
5
4.72222222222222
5
4.90038500300447
5
4.85294117647059
4.73880253881517
4.89697763283481
5
5
4.92153892830729
5
5
4.64285714285714
4.72222222222222
5
5
4.82291666666667
4.86111111111111
5
4.86111111111111
4.38886671053077
4.375
4.79813410152426
4.85294117647059
4.82142857142857
4.6875
5
4.75
4.75350900281809
4.58333333333333
4.89583333333333
4.88095238095238
5
4.85294117647059
5
5
5
5
4.66539911905695
5
4.64285714285714
4.82119113632662
4.79446272802697
4.79166666666667
4.76388888888889
5
5
5
5
4.5
4.375
4.82142857142857
4.60191806838758
4.5
5
4.53590771029619
5
5
4.77929215637365
4.86111111111111
4.79164582191533
4.87076792828934
4.88242446341695
4.90686484696024
4.77272727272727
5
4.8620578377563
4.77272727272727
5
4.73796444319322
5
4.64285714285714
5
4.84978632846619
5
5
4.77272727272727
4.80681818181818
5
5
4.58333333333333
4.80769230769231
4.35726956059725
4.90066427439594
4.92413274754785
4.65599990621819
5
5
5
4.45274909143587
5
5
4.72222222222222
4.70489182615929
5
4.81529833394582
4.58996260939966
5
5
4.82449672279988
4.83653846153846
5
5
4.95575107080182
4.80787080673731
5
4.18230541452418
4.6875
4.72222222222222
5
4.76446468406225
4.86707953703185
4.57387295350678
4.6875
0.30756980972455
4.88636363636364
4.83935516812158
4.88095238095238
4.87521035232647
4.91040100648013
4.89583333333333
5
4.90509491003744
4.86842105263158
4.75598745613389
4.875
4.77516429992584
4.83333333333333
4.84375
4.58333333333333
4.72222222222222
4.95381819465197
5
4.93036622702377
4.86842105263158
4.84375
4.84375
4.90384615384615
5
4.85474803408925
4.87254467431293
4.875
5
5
4.84941975922167
5
4.75
4.88221428915886
5
4.85684609785264
4.80769230769231
5
4.71640714730768
5
5
4.89583333333333
4.78240272230019
5
5
4.82142857142857
5
4.375
5
5
5
4.6875
4.66059305418111
5
5
5
4.9
5
5
4.64285714285714
5
5
4.88846647503202
4.72147796434132
4.86111111111111
5
4.75
4.82142857142857
4.88085706154955
5
4.64285714285714
5
4.78507807879519
3.75
5
5
4.3759424686824
4.72199380322587
5
5
5
3.82595406091034
4.6875
4.83812461211426
4.8392196952371
5
4.89130434782609
4.84261109385516
4.9468085106383
4.83653846153846
4.90430312524801
4.875
5
4.93928571428571
5
5
4.64285714285714
5
5
3.89756849749322
5
5
4.375
3.85720284606747
5
5
4.87529336990239
5
5
5
5
4.60961190931675
4.375
5
4.64285714285714
5
5
5
5
4.6150863778758
5
5
5
4.76867702199788
4.92639803261778
4.72222222222222
4.91071428571429
4.88636363636364
4.375
5
4.90384615384615
4.82629369210965
5
4.84186766061379
5
4.86111111111111
4.85294117647059
4.83394814337525
5
4.16666666666667
4.88972669359728
4.60649746042974
5
5
5
4.71217903813447
4.8308051556824
5
5
5
4.79543784841074
4.80769230769231
5
5
4.16666666666667
5
5
5
5
5
5
5
4.6875
5
4.62761693584371
4.68379998259333
5
5
5
5
5
4.86111111111111
4.79166666666667
5
4.5577282181694
5
5
4.83277183924566
4.50771778435687
5
5
4.72653316566962
5
5
5
4.91764071559331
4.90740740740741
5
5
5
5
4.82142857142857
5
5
4.6875
5
4.85294117647059
5
4.91405987714084
5
5
4.82142857142857
5
5
5
5
5
5
4.80424885897074
5
4.79166666666667
4.67975397127751
5
5
4.2818087324171
4.73401772622567
4.37435666375876
5
5
5
5
5
5
5
5
5
4.8704949507951
4.375
5
4.75
5
4.89723946992949
5
5
5
4.89140382728833
5
4.83333333333333
5
3.75
4.72767120307191
5
5
5
5
3.75
5
5
4.79166666666667
3.75
5
4.81244184032324
5
4.90878837052828
4.88194444444444
5
4.5
4.6875
4.5
4.6875
5
4.85607400271845
5
5
4.375
5
5
5
5
4.55562879418511
4.875
5
5
5
5
5
4.16666666666667
5
5
4.69468247925746
5
5
5
3.95647714850348
4.77252461050719
5
5
5
5
5
4.76388888888889
3.75
4.16997421468948
5
5
4.72222222222222
5
5
4.77304538533559
4.48614481726606
5
4.74221802620097
4.60445641271874
4.84988064513607
5
4.79166666666667
4.85845275289476
5
5
5
5
5
5
5
5
4.375
5
5
5
5
5
5
5
5
5
4.45770172026776
4.85294117647059
5
5
5
5
5
5
5
5
5
5
3.9375
5
4.31179431422898
3.75
5
5
5
5
5
4.61537382047137
4.29166666666667
4.64583333333333
5
5
5
5
5
4.07864563270581
4.46023693857971
5
4.5970808374156
3.8391742648307
5
4.46719617443152
5
5
5
5
5
5
4.375
5
5
5
5
5
4.5
5
5
4.72222222222222
4.3958333077121
4.85051825528577
5
5
5
5
5
5
5
5
4.21241851335259
5
5
5
5
5
5
5
4.2859638266952
5
5
4.79166666666667
5
5
5
4.90241056536091
5
4.86111111111111
5
4.88636363636364
5
5
5
5
5
4.90740740740741
5
4.76383870600652
5
5
5
5
4.64285714285714
4.78073156164024
5
4.72222222222222
5
5
5
5
5
5
4.04376197253018
5
4.79166666666667
5
4.93421052631579
4.86842105263158
4.90740740740741
4.75
5
4.79444722414
4.85294117647059
4.875
4.84375
5
5
5
5
5
5
4.71067013712751
5
4.88095238095238
5
4.6866185404931
4.79291121399135
5
4.90015761986089
4.65095188212811
5
5
5
4.71830854016215
5
4.7591531085404
5
4.92424242424242
4.93310873569826
4.84375
5
4.71718737667304
4.86469823317883
5
4.74182003512314
4.58333333333333
5
5
4.75
4.8276663763471
5
5
5
5
4.84375
5
5
4.16666666666667
4.82142857142857
5
5
4.58333333333333
5
5
5
5
5
4.83333333333333
4.875
4.86188338516775
5
4.86111111111111
5
5
4.86517695496622
5
4.93361907188573
4.86842105263158
4.75
4.86842105263158
4.78227775002196
4.84209898032089
4.84375
5
4.70047063533918
4.94791666666667
4.90114922594748
5
4.71216346956957
5
4.77272727272727
4.87502944533192
5
4.86166768062018
5
4.72222222222222
4.58333333333333
5
5
4.85756893301355
4.77675687675527
4.84375
5
4.375
4.79166666666667
4.03619051514877
5
4.84375
4.84375
5
4.73054231939379
4.71016246093977
4.86728962853255
5
4.58864978430611
4.7934362766544
4.86111111111111
4.6875
4.77272727272727
4.72222222222222
4.80681818181818
4.87509359854862
5
4.88633023901251
4.79166666666667
4.89583333333333
5
4.8488993738833
5
5
5
5
5
5
4.64285714285714
5
5
4.86383560153595
4.77272727272727
4.86842105263158
4.85294117647059
5
4.87940352107294
4.72222222222222
4.75
4.86111111111111
4.88636363636364
4.77272727272727
4.79166666666667
4.75
4.375
4.86111111111111
4.71256200082416
4.6830686045299
4.81602567873082
5
5
5
5
5
5
5
5
5
5
5
4.47544461595444
5
4.4140577316182
4.38891530099152
5
5
5
5
5
5
5
5
5
5
5
5
5
5
4.72222222222222
5
5
5
5
4.64285714285714
5
5
5
5
5
5
5
4.11296744769054
5
5
5
5
5
5
5
5
5
5
5
5
4.78721041365194
5
5
4.5
5
5
5
5
5
5
5
5
5
5
5
5
5
5
5
5
5
5
5
5
5
5
5
5
5
5
5
5
5
5
5
5
5
5
5
5
5
5
5
5
5
5
5
5
5
4.375
5
5
5
5
4.37503503159638
5
3.80104149239128
4.16666666666667
5
5
5
5
4.16666666666667
4.04286200728924
5
5
4.58333333333333
4.375
5
4.16666666666667
3.75
5
5
3.10242770779988
5
5
5
5
5
5
5
5
5
5
5
5
5
4.89006664615995
5
5
5
5
5
4.63404002423202
5
5
5
5
5
5
5
5
5
5
5
5
5
5
5
5
4.5
5
5
5
5
5
5
4.84528056504285
5
5
4.52777777777778
4.82142857142857
4.24370135777604
5
4.46875
4.33109995214869
4.29301483293235
5
5
5
5
5
4.79558379428487
5
5
5
4.16666666666667
4.74330410178537
5
5
5
4.16666666666667
5
4.83121516186493
4.875
5
5
4.64285714285714
5
5
4.6875
4.875
5
5
5
5
5
5
5
5
5
5
5
5
4.66738039785511
4.60206231423165
5
5
5
5
5
5
5
5
5
5
5
4.64285714285714
5
5
5
5
5
5
5
3.91005069627852
5
5
5
5
4.65562779616475
5
5
5
5
5
5
5
5
5
5
5
5
5
5
5
5
5
5
5
5
5
4.72222222222222
5
5
5
5
5
5
5
5
4.5
5
5
5
5
5
5
5
5
5
5
4.5
5
5
5
5
5
5
5
5
4.56638931833369
4.29166666666667
5
5
4.24667870062602
5
5
5
5
5
5
5
5
5
5
5
4.47403360876047
5
5
5
5
5
5
5
5
5
4.83753517090388
5
5
5
4.62196441101007
4.375
5
5
5
4.25341666230958
5
5
5
4.5797199237595
5
5
4.5
5
5
5
5
5
5
5
5
5
5
5
5
5
5
5
5
5
5
5
5
5
4.44940458246977
5
5
5
5
5
5
5
4.375
5
5
5
5
5
5
5
5
4.5
4.5
4.50815941579664
5
5
5
4.25341666230958
5
5
5
5
5
5
5
5
5
5
5
5
5
5
5
5
5
5
5
5
5
5
5
5
4.64285714285714
5
5
5
5
5
5
5
5
5
5
5
5
5
5
5
5
3.91626397752047
5
5
5
5
5
5
5
5
4.719775022802
5
5
4.71150098327065
5
5
5
5
5
5
5
5
5
5
5
5
5
5
5
5
5
5
5
5
5
5
5
5
5
5
5
5
5
5
5
5
5
5
5
5
5
4.461523233759
5
5
5
5
5
5
5
5
5
5
5
5
5
5
5
5
5
5
4.64080902133094
5
5
5
5
5
5
5
5
5
5
5
5
5
5
5
5
5
5
5
5
5
4.16666666666667
5
5
5
5
5
5
5
5
4.72761231456375
5
5
4.48996115032966
5
5
5
5
5
5
5
5
5
5
5
4.29166666666667
5
4.29166666666667
5
5
5
5
5
5
5
5
5
5
5
5
5
5
5
5
5
5
5
4.42053214401022
5
5
5
5
5
5
5
5
5
5
5
5
5
5
3.98422123127521
5
5
5
5
4.11963946531323
4.75562899738846
4.21078657822687
5
5
5
4.81428051622766
5
3.85551833096219
5
5
5
4.69586530891132
4.4808680243489
5
5
5
5
5
5
5
5
5
5
5
3.75
4.5
5
5
5
5
5
4.4814655833583
4.64285714285714
5
5
5
5
5
5
4.80759134807431
5
5
5
4.09241068439908
5
5
5
5
5
5
5
5
5
4.25273339413865
4.84643531507783
5
5
5
4.84183972257728
4.89583722683717
5
5
4.82894029817192
4.75
5
5
5
5
5
5
5
5
5
5
5
5
5
4.84509700290241
5
5
5
5
5
5
5
5
5
5
5
5
5
5
5
5
5
5
5
5
5
5
5
5
5
5
5
5
5
5
5
5
5
4.2956185278774
4.64285714285714
4.36833565688366
5
5
5
5
5
5
5
5
5
5
5
5
4.375
5
5
5
5
5
5
5
5
5
5
5
5
5
5
5
5
5
5
5
5
5
5
5
5
5
5
5
5
5
5
5
5
5
5
5
5
5
5
5
4.63330008057256
5
5
5
4.76695796416893
5
5
5
5
5
5
4.93055555555556
5
5
3.02310637696491
5
5
5
3.6335398463912
4.58333333333333
5
5
5
5
5
4.28906517120756
5
5
5
5
5
5
5
5
5
5
5
5
5
4.73843549074366
4.56818877120271
4.44606922403047
5
4.7389825056098
5
4.34003451892908
5
5
5
5
5
4.5797199237595
5
5
5
5
5
5
5
5
5
4.66493609306704
5
5
5
5
5
5
5
5
5
5
5
5
5
5
5
5
4.81823289091357
4.35556508630676
5
5
4.44517722522814
4.85740504692916
5
4.29362164801931
4.15
5
4.46875
5
4.79558379428487
5
5
3.9375
5
5
4.64462002076637
4.18043220187256
5
5
5
5
5
4.375
4.63661402814814
4.74452213522877
4.29166666666667
5
5
5
5
5
4.75562899738846
5
4.6875
5
5
4.80505236502394
5
5
5
5
5
5
5
5
5
5
5
5
5
5
5
5
5
5
5
5
5
5
5
5
5
5
5
5
5
5
5
5
5
5
5
5
5
5
5
5
5
4.81353046515706
4.30333747847558
5
5
5
4.5
4.16666666666667
5
5
4.5
5
5
5
5
5
5
5
5
5
5
5
5
5
4.75
5
5
5
5
4.19327659424123
4.64285714285714
4.56484116741843
5
5
5
5
5
5
4.72222222222222
5
5
5
5
5
5
5
5
5
5
5
5
5
5
5
5
5
5
5
5
5
5
5
5
5
5
5
5
5
5
5
5
5
5
5
5
5
4.46875
5
5
5
5
5
5
4.16666666666667
5
5
5
5
5
5
5
5
5
5
5
5
5
5
5
5
5
5
5
5
5
5
5
5
4.86850442830784
5
5
4.7875
3.75
5
4.55421394560467
5
5
5
5
5
5
4.62427186934679
5
5
5
5
5
5
4.4978703038685
5
5
5
5
5
4.7198223254974
4.71874432890178
5
5
5
5
5
4.93357206963285
5
4.70321346060423
4.7875
5
4.73510326381807
4.56576221899581
5
5
5
5
5
5
5
5
4.3924382885457
4.69912051869362
4.16666666666667
4.58333333333333
5
5
5
3.77030334382398
5
4.375
5
5
5
5
4.375
5
4.5
5
5
5
5
5
5
5
3.75
5
3.668872860276
3.668872860276
5
4.375
4.375
5
5
5
5
3.003309290414
5
5
3.75
4.41118624939086
5
5
5
5
3.668872860276
5
5
5
5
5
3.01637164460152
4.58333333333333
5
5
5
5
5
5
5
5
5
5
5
5
5
5
5
4.79166666666667
5
5
5
5
5
5
5
5
5
5
5
5
4.01950289571651
5
5
5
5
5
5
5
5
5
5
4.32251866221423
5
5
5
5
5
5
5
5
5
5
5
3.9892784814272
5
5
5
5
5
5
5
5
5
5
5
5
5
5
5
5
5
5
5
5
3.75
5
4.46875
5
5
5
5
4.56136318422402
5
5
5
5
4.6297462242937
5
5
5
5
4.29166666666667
4.51583887126961
5
4.81992744224958
5
5
5
5
4.0045555497461
5
3.75
5
5
5
5
4.4891908808054
5
4.29251096333841
5
4.70136666492383
4.07816465298101
5
5
5
5
5
5
5
5
5
5
5
3.75
5
5
5
5
5
5
5
5
3.78183616772094
4.5
5
3.75
5
5
5
5
5
5
5
5
5
5
5
5
5
5
5
5
4.76177021293595
5
5
5
5
5
4.64285714285714
5
5
5
5
5
5
5
5
5
5
3.96217786971923
2.875
5
5
2.875
5
5
5
4.04330432779753
5
3.75
5
4.375
5
4.71169099584903
4.46896405367328
4.5
5
4.74655280600772
5
4.62761738362531
5
5
4.89174514952052
5
5
4.59037912198784
3.28206883056543
5
5
5
5
5
5
5
5
5
5
4.72563585004057
5
4.7875
4.65050546554387
5
5
5
5
5
5
5
5
4.81473831634937
5
5
5
5
5
5
5
5
5
5
5
5
5
4.87015686248116
5
5
5
4.79166666666667
5
5
5
5
5
5
5
5
5
5
4.51009383095159
5
5
5
4.5
4.50815941579664
5
4.375
5
5
5
5
5
5
5
5
5
5
5
5
5
5
5
5
5
5
5
5
5
5
5
5
5
5
5
5
3.75
5
5
4.61363636363636
3.9375
5
5
3.96111192339714
4.7264067705609
5
5
5
5
5
3.58333333333333
5
5
4.76733918392784
5
4.29166666666667
5
5
5
5
5
5
5
4.74377798286956
5
5
5
5
5
5
5
5
5
5
4.375
5
5
5
5
5
5
5
5
5
5
5
5
5
5
5
5
5
5
5
5
5
5
5
5
5
5
5
5
5
5
5
5
5
5
5
5
4.5
5
5
5
5
5
5
5
5
5
5
4.77460053931382
5
5
4.70136666492383
5
5
5
5
5
4.53360272200215
5
5
5
5
5
5
5
4.71612126575431
5
5
5
5
4.375
4.28240618846981
5
5
5
5
5
5
5
5
5
5
5
5
5
5
5
5
5
5
4.734375
5
5
5
5
4.69612739536947
4.7875
5
5
4.56576221899581
5
5
5
5
5
4.44420241555869
5
5
4.16666666666667
5
4.16666666666667
5
4.24810360550121
5
5
5
3.02310637696491
5
5
5
3.6335398463912
5
5
5
5
5
5
4.28906517120756
5
5
5
5
5
4.89583333333333
5
5
4.52560854240126
5
5
5
5
5
5
4.44606922403047
5
5
5
4.59003451892908
5
5
5
5
4.46875
4.5797199237595
5
5
5
5
5
5
5
4.48922832721036
5
5
5
4.69490181747658
5
5
5
5
5
4.46875
3.87506610040377
5
5
5
5
4.428216369898
5
5
5
4.55469992549794
5
5
4.51435774292261
4.375
5
5
5
5
5
5
5
5
5
5
5
5
4.79166666666667
5
5
5
4.8164195560131
4.375
3.8430331372099
5
4.7399103653363
5
4.67307692307692
5
4.1447014908596
4.58333333333333
4.77212236684953
5
5
3.96417457110645
5
5
5
5
5
4.79154867509195
3.83562378442206
5
5
5
5
5
5
5
5
5
5
5
5
5
5
4.5
5
5
5
5
5
5
5
5
5
5
5
5
5
5
5
5
5
5
5
5
4.63283812298812
5
5
5
5
5
5
5
5
5
5
5
5
5
5
5
5
4.82142857142857
5
5
5
5
5
5
5
5
5
5
5
5
5
5
5
5
4.5
3.75
5
5
5
5
5
5
5
5
5
5
5
5
5
5
5
5
5
5
5
5
5
5
5
5
5
5
5
4.4695348403058
5
5
3.75
3.75
5
4.85294117647059
5
5
5
5
3.75
5
5
5
5
5
4.58333333333333
4.6875
5
4.78667141901724
5
5
5
5
4.1447014908596
5
5
5
4.86192751031294
5
5
5
5
5
5
4.58333333333333
5
5
3.75
5
5
5
5
5
5
5
5
4.375
5
5
5
5
5
5
5
5
5
4.48483521151141
5
5
5
5
5
5
5
4.58333333333333
5
5
5
4.48996115032966
5
5
4.61678506069218
5
5
5
5
5
5
5
5
4.29166666666667
5
5
5
5
5
5
5
5
5
3.26159643203067
5
5
5
5
5
5
5
5
5
5
5
5
5
5
5
5
5
5
5
5
5
5
5
5
5
4.73267387220945
4.69287063015566
5
5
5
5
5
5
5
5
4.64285714285714
5
5
5
5
5
5
5
5
5
5
5
5
5
5
5
5
5
5
5
5
5
5
5
5
5
5
5
5
5
5
5
5
5
5
5
5
5
5
4.875
5
5
5
4.63696532552982
5
5
5
5
5
5
5
5
5
5
5
5
5
5
